2
3
5
6
8
12
13
21
23
26
27
29
30
31
36
37
38
41
50
51
52
53
54
55
60
61
63
65
66
68
75
76
79
84
85
87
96
99
100
101
103
107
108
110
112
113
118
127
132
133
134
135
137
147
148
149
151
158
159
169
170
171
173
174
175
180
182
192
195
222
228
234
243
244
247
250
251
252
253
267
268
271
273
274
275
276
277
278
289
292
294
295
297
298
299
300
301
302
306
314
319
320
321
322
323
324
325
343
344
345
363
368
373
375
394
395
450
452
454
473
474
497
502
552
558
575
576
584
585
587
602
603
604
605
608
610
611
612
613
617
618
619
620
621
629
