 delta for calibr coefs, delta=-1+mpi0t*weight/mpi0r
-0.00639 0.01134-0.01088 0.00884-0.00336 0.00000 0.00000 0.01018 0.01652 0.00436 0.00791 0.00211 0.00625 0.00431 0.00103-0.00481 0.01112 0.01501-0.00319 0.00272-0.00214 0.00000-0.00459 0.00456
-0.01462-0.00445 0.00000 0.00862 0.00307 0.01731 0.03401 0.02511 0.00575 0.00117 0.02368 0.01195-0.00138 0.00000 0.00947 0.01032 0.01791 0.00000 0.00908-0.00110 0.00244 0.01062 0.00144 0.02024
-0.01026-0.00470 0.00000 0.00000 0.00291 0.00000 0.00425 0.00000 0.01012 0.00832 0.01531 0.00552 0.01363-0.01268 0.00342 0.00531 0.01097 0.00000 0.00384 0.00165 0.00405-0.00199 0.00841-0.01208
-0.00354 0.00012 0.01169 0.00000 0.00898 0.00906 0.00613 0.00000 0.01288 0.00927 0.00971 0.00185 0.00000-0.00566 0.00915 0.01147-0.00270-0.00063 0.00540-0.00231 0.00271 0.00813 0.00541 0.00730
 0.03138 0.00024 0.00276 0.07899 0.00000 0.00373 0.00698 0.00000 0.01219 0.01280 0.00997 0.22026 0.01983 0.00619 0.00000 0.00797 0.00000 0.00000 0.01131 0.01363 0.00720 0.00706 0.09988-0.00471
-0.00115 0.00014 0.00415 0.01750 0.00431-0.01090 0.00458 0.00000 0.04128 0.01696 0.01384 0.00990 0.00000 0.01603 0.02076-0.00112 0.01195 0.00000 0.00297-0.00395 0.00735-0.00444-0.00090-0.00995
 0.00652 0.00772 0.01170 0.00215 0.00000 0.00000 0.00769 0.00000 0.01051 0.01220 0.00813 0.00895 0.00527 0.00529-0.00663 0.00999-0.00569 0.00005 0.00220 0.00541-0.00204-0.00141 0.00397 0.01993
 0.00414 0.00000 0.00000-0.00467 0.00472 0.00000 0.02977 0.00000 0.00690 0.01849 0.01557 0.01238 0.00000 0.01237 0.00000 0.00784 0.00838 0.00000 0.00826 0.00877 0.00444 0.00857 0.00270 0.00520
 0.00000 0.01049 0.00941 0.00593 0.00531 0.01871-0.00104 0.00621 0.00308 0.01291 0.01022 0.00838 0.01032 0.01148 0.00315 0.01204 0.01032 0.00831 0.01207 0.00647 0.00565-0.00301 0.00783-0.00439
 0.00174-0.00080 0.00306 0.00791 0.00311 0.01253 0.00000 0.01227 0.01414 0.01712 0.01693 0.00963 0.01128 0.01002 0.01380 0.01849 0.01163 0.00986 0.00000 0.00891 0.01502 0.00443-0.00007 0.01290
-0.00354 0.01437 0.00504 0.00198 0.00626 0.01122 0.00812 0.00635 0.00896 0.01495 0.00000 0.00000 0.00000 0.00000 0.01251 0.01316 0.01096 0.01470 0.00032 0.00089 0.01177-0.00392 0.00810 0.00352
 0.00168 0.01440-0.00196 0.00514 0.01389 0.00899 0.01051 0.01105 0.01712 0.01807 0.00000 0.00000 0.00000 0.00000 0.01467 0.01429 0.01061 0.00934 0.00387 0.01258 0.02759 0.00965-0.00333-0.00402
 0.00924 0.00429 0.01339 0.00736 0.01221 0.00305 0.01374 0.01349 0.01348 0.00000 0.00000 0.00000 0.00000 0.00000 0.01462 0.00765 0.00951 0.01163 0.00000 0.00911 0.01069 0.00149-0.00241-0.00524
-0.00144 0.00321-0.01045 0.00387 0.00486 0.02527 0.01536 0.01240 0.01900 0.01575 0.00000 0.00000 0.00000 0.00000 0.01741 0.01428 0.01770 0.00757 0.01861-0.00002 0.00583 0.00583 0.00214 0.00563
 0.00284 0.01056 0.00945 0.00444 0.00788 0.01118 0.01077 0.00961 0.01628 0.00000 0.01491 0.01559 0.01697 0.00733 0.02437 0.01257 0.00726-0.01087 0.00712 0.00910 0.00451-0.00407-0.00191 0.00801
 0.00734 0.02048 0.03222 0.01979 0.00225 0.00825 0.00948 0.01355 0.01250 0.00972 0.01763 0.01717 0.01835 0.02926-0.00210 0.00000 0.01099 0.00734 0.00598 0.00729 0.00680 0.00473 0.01275-0.00345
-0.00186-0.00186-0.02941 0.00127-0.00356 0.00766 0.00817 0.00486 0.01312 0.01714 0.02175 0.00000 0.01625 0.01527 0.00950 0.00503 0.00759 0.01074 0.01279 0.01463 0.01145 0.01519 0.00564-0.00401
 0.00477 0.01232 0.00224 0.00341 0.00727 0.01171 0.01807 0.01887 0.01481 0.01226 0.00742 0.01069 0.01427 0.01293 0.01818 0.00497 0.01112 0.00305 0.00937 0.00816 0.00536 0.01201 0.00375 0.00487
 0.00303 0.00521 0.01081 0.00242 0.01110 0.01170 0.01212 0.02770 0.01873 0.01663 0.00055 0.00315-0.01313 0.01409 0.01158 0.01195 0.00539 0.01312 0.00000 0.00475-0.01970 0.00613 0.00000-0.00190
-0.00643 0.00015 0.00395 0.01669 0.00219 0.01268 0.01441 0.00451 0.01800 0.01305 0.00862 0.01354 0.02039 0.01197 0.01045 0.00894 0.01506 0.01578-0.01930-0.00068 0.01269 0.00676-0.01039 0.00263
-0.00303 0.00732 0.00232 0.00019 0.00746-0.00017 0.01305 0.02057 0.00763 0.00421 0.00813 0.02000 0.01911 0.01309 0.01169 0.00919 0.00326 0.02235 0.00604 0.00825 0.01114-0.00057 0.00000-0.00645
-0.00008-0.00632 0.00203-0.01229 0.00076 0.00833 0.00192 0.00870 0.00747 0.00265-0.00005 0.01665 0.01047 0.01355 0.00992 0.00204 0.01583-0.00136 0.00065-0.00288-0.00691-0.01003-0.00294-0.00720
-0.01798 0.00318-0.01040-0.01109 0.00119-0.00589 0.00075 0.00530-0.00160 0.00544-0.00068 0.00279 0.00093 0.01052 0.00840 0.00266 0.00095 0.00594-0.00972 0.00486 0.00366-0.01045 0.00809 0.00363
-0.00830 0.00044-0.00138-0.00698 0.00252 0.00815 0.00000 0.00953-0.00134 0.00408 0.00779 0.00946-0.00288 0.00981 0.01153 0.01261 0.00812-0.00386 0.00392 0.00884-0.00114 0.00953 0.00988 0.02343
 0.03251 0.01947 0.01496 0.01076 0.00389 0.00797 0.02904 0.05875
 0.04088 0.02731 0.00492 0.00479 0.01052 0.01176 0.00549 0.01336
 0.05010 0.03057 0.00601 0.00848 0.01574 0.01342 0.01268 0.01095
 0.04763 0.03202 0.01469 0.02198 0.02395 0.01873 0.00851 0.01751
 0.05066 0.02473 0.01833 0.02188 0.02377 0.02163 0.01324 0.00383
 0.03748 0.03233 0.01733 0.01759 0.02158 0.02219 0.02790 0.04889
 0.04510 0.00883-0.00664 0.00580 0.01456 0.02878-0.00272-0.01115
 0.02541-0.00152 0.00850 0.03382-0.00019-0.00491-0.00489 0.00000

 weights, W=(weight1+weight2+...)
30553.0328264.03 6108.3534810.4339525.63    0.00    0.0035013.1833496.7255576.2555191.6846772.8958877.4660119.2063642.1757070.4451888.4241268.5649517.6436157.9140387.81    0.0028905.4727104.74
33479.6834520.85    0.0043923.8550119.5147886.9318160.05  658.3641703.9660302.5250258.5067077.1668438.97    0.0061807.9259691.1451392.67    0.0039163.8942141.3141018.9034974.3231414.5736347.73
31862.2628841.04    0.00    0.0044464.18    0.0056541.02    0.0054270.1265099.5974833.8265229.5986609.64  228.2476647.1383534.6675837.22    0.00********45485.0144973.3845014.2462513.6933362.15
40846.2335854.7627309.15    0.0069158.8461053.1757104.91    0.0078256.9177120.3191575.6077850.80    0.00  374.5591332.9989991.6792675.6674623.8248099.6465267.4354048.0046732.5644803.9142931.50
 1925.5348863.6737701.02 4065.61    0.00********81664.05    0.0097108.55**************** 1898.11********55178.61    0.00********    0.00    0.0083317.7071245.9863707.1358816.47 5410.0248284.45
54837.0951987.6548456.1147294.7867155.4897989.84********    0.00 3636.88****************91229.41    0.00 8577.78************************    0.0096797.4989376.0264871.9262489.8253645.7348212.64
59321.4856232.1650428.66 1107.83    0.00    0.00********    0.00********************************99875.48********  890.71****************************************84068.6169777.4357660.6233451.54
70087.87    0.00    0.0026148.3862856.09    0.00    6.23    0.00********************************    0.00********    0.00****************    0.00****************84147.5573258.3051298.7969460.19
    0.0067052.3188471.06************************************************************************************************************************************************99102.8866270.0171009.09
75884.9578056.1890929.4888436.38****************    0.00****************************************************************************************    0.00********83327.4297473.3976658.7955405.07
91188.8053858.6165370.39********************************************************    0.00    0.00    0.00    0.00********************************************************97669.9960840.3482882.13
91518.0280077.9867368.76********************************************************    0.00    0.00    0.00    0.00****************************************************************70648.5382113.60
84193.6498401.0556059.2460436.18****************************************    0.00    0.00    0.00    0.00    0.00********************************    0.00****************97549.9074462.2277624.07
83482.8464017.80********74934.10************************************************    0.00    0.00    0.00    0.00************************************************89703.0394329.1685660.7475434.95
68648.9376703.6973491.14************************************************    0.00****************************************************************************************95717.9876761.3775003.18
71048.0752690.7471354.7861918.79****************************************************************************************    0.00****************************************79660.9956580.1274831.19
70213.9669140.65********93726.53********************************************************    0.00****************************************************************89923.1870290.4865519.2070727.85
63608.0054125.4372234.6390780.3692315.32**************** 2517.30****************************************************************************************95326.6185047.5770575.0831239.6750945.15
52635.5350468.9859234.9181169.1580537.51************************************************************************************************90599.32    0.0083692.0739151.8463525.43    0.0063216.34
49703.2851651.1460456.0454246.3276299.9591791.42******** 1356.76********************************************************************************87194.2682971.9160999.2960296.2050093.4745089.53
43386.0838446.4853050.7258515.1567972.4185795.1888403.2196468.49****************************************************************92885.1469412.7777248.7358450.9758626.7650400.20    0.0043812.27
37174.3241454.4541660.4653983.6361358.4967976.2383874.0090670.4992559.08************************69695.2591577.76********92170.7561605.1177495.6273821.3358793.6951663.0441577.8938614.5327124.17
30886.9331602.3139427.3643691.7046403.0959853.5967840.2069276.7378775.1984324.3384767.2084742.3781409.3181182.4969873.3669844.7068987.1356411.7355918.5547256.5836227.0536043.8731656.2414539.54
30101.2033166.4431980.7039827.9145666.8050460.23    0.0071019.4462716.9162540.3567112.1975298.7164345.6867500.5862538.0361598.2953469.1559090.2050518.1145169.4827245.3925704.8026626.21  149.52
 6021.1614820.4011989.8813433.9220148.2117785.25 6530.86 1387.19
 2094.3473600.4387228.22************************63792.6314097.79
15533.9246099.19****************************************24743.97
16963.8970533.78****************************************24891.30
14196.17************************************************12840.00
25344.2980247.30****************************************  963.14
  671.4780801.27********************************46699.4112614.88
11628.2615656.77 7208.88 9130.8226900.6228001.2117884.22    0.00

 D, D=(weight1**2+weight2**2+...)
  172.77  164.20    9.42  102.89  263.46    0.00    0.00  253.56  265.31  343.31  340.55  291.94  327.17  359.38  346.05  309.02  291.04  254.13  274.73  193.42  227.50    0.00  166.26  161.95
  170.43  171.41    0.00  163.57  318.41  309.22  116.45    1.94  258.38  332.12  286.89  360.32  335.07    0.68  296.35  279.27  276.68    0.00  208.69  198.57  184.02  175.27  149.02  207.52
  172.46  145.10    0.00    0.00  279.19    0.00  354.04    0.54  323.42  379.83  436.02  345.36  532.17    0.26  389.19  400.17  415.00    0.00  714.60  208.18  202.98  222.88  393.61  191.74
  246.60  184.23  174.33    0.00  426.89  398.72  363.42    0.00  484.60  445.36  508.40  477.95    0.00    0.65  542.81  421.98  506.07  460.83  236.81  318.20  259.25  222.65  237.87  241.78
    2.87  271.29  228.17   29.93    0.00  721.62  534.91    0.00  644.51  681.35  698.10   16.99 3707.61  356.86    0.01  573.73    0.00    0.00  474.37  362.37  307.61  303.52   32.50  296.29
  326.46  265.36  280.55  314.79  420.90  587.32  645.63    0.00    8.88  706.23  789.93  573.49    0.00   68.81  693.15  729.96  744.72    0.00  533.87  438.71  317.18  305.34  280.13  281.78
  338.17  312.90  330.65    8.85    0.00    0.00  951.87    0.00 1074.88 1027.62  978.75  986.18  639.84  666.08    0.51  872.70  853.99  855.19  581.93  520.47  405.78  342.46  307.80  208.40
  473.20    0.00    0.00  190.43  413.93    0.00    0.00    0.00  965.91 1097.48 1155.10  941.21    0.00 1114.38    0.01 1156.47  823.81    0.00  727.12  544.39  428.88  391.33  263.47  414.96
    0.01  399.27  519.24  656.67  656.44  618.57 1063.11 1107.39 1297.36 1276.95 1484.96 1568.89 1191.77 1473.34 1526.07 1088.29 1041.61  873.43  775.53  609.99  530.55  509.10  326.64  401.78
  464.04  415.29  537.35  518.02  808.46  844.62    0.00 1119.80 1191.78 1654.52 1855.43 2309.23 2253.61 2202.56 1640.42 1290.76 1295.87 1018.90    0.00  680.46  433.03  507.09  393.50  331.23
  555.38  298.40  386.04  693.82  738.95  826.89 1077.76 1195.76 1455.32 2132.31    0.00    0.00    0.00    0.00 2183.43 1659.95 1445.09 1061.89  905.54  742.32  559.73  501.60  293.33  499.51
  545.46  459.55  399.17  790.65  797.88  817.80 1009.38 1377.66 1728.57 2895.28    0.00    0.00    0.00    0.00 2894.65 1920.42 1429.50 1213.69 1147.04  720.85  530.77  520.21  328.56  475.93
  500.56  549.11  328.80  380.14  953.19  851.02 1088.64 1444.10 1925.30    0.00    0.00    0.00    0.00    0.00 2932.68 1936.81 1515.07 1240.23    0.00  757.11  555.87  476.79  352.54  448.70
  501.66  332.05  729.00  412.64  760.60  676.71 1055.47 1379.21 1848.37 2642.41    0.00    0.00    0.00    0.00 2427.18 1832.44 1219.16 1190.29  868.81  733.22  461.02  468.96  427.15  433.07
  425.40  441.92  422.17  660.71  667.28  864.56  959.51 1300.61 1457.74    0.00 1855.33 2868.78 2807.07 2669.63 1952.07 1841.21 1442.87 1116.48  815.41  732.94  640.72  470.96  368.92  425.40
  453.90  304.34  438.73  383.38  731.20  776.62  912.74  990.20 1265.83 1400.01 1652.44 1887.26 2102.92 1537.02 1808.09    0.00 1174.06 1000.06  773.88  608.20  587.85  425.49  276.06  421.74
  408.46  345.21  570.29  506.25  614.33  734.39  833.36 1100.02 1135.01 1291.73 1640.25    0.00 1523.65 1689.90 1404.11 1189.83 1014.21  739.32  737.98  597.25  485.76  370.03  320.67  398.31
  363.27  270.21  363.84  481.77  490.37  640.24  808.95   15.77 1009.22 1086.79 1146.94 1240.74 1082.68 1183.71  959.75 1030.67  850.05  845.99  584.97  531.19  477.16  389.62  181.63  314.02
  302.65  261.95  310.65  433.24  418.80  615.32  681.03  865.80  704.28  821.64 1020.91  965.92 1178.03  870.72  926.82  756.36  596.57  531.27    0.00  529.68  274.61  387.03    0.00  402.55
  274.76  258.37  308.69  284.21  405.97  485.62  590.94    4.84  751.47  761.62  771.22  830.55  633.03  796.15  736.91  627.45  569.40  580.77  480.22  441.04  329.59  310.08  269.69  255.45
  235.74  181.43  263.31  298.78  341.57  440.86  461.54  562.68  578.48  658.14  655.56  609.96  716.71  627.80  543.03  578.52  483.05  318.21  400.55  299.07  299.57  298.18    0.00  229.81
  197.07  205.82  212.21  277.89  316.18  364.62  459.37  509.58  512.61  648.17  581.22  590.79  423.21  484.54  583.92  494.15  312.93  407.97  373.68  299.84  296.82  272.25  233.79   89.47
  166.08  154.23  199.23  219.93  239.56  320.34  408.42  398.12  426.72  475.80  469.13  455.79  461.87  449.86  395.10  380.11  365.38  286.87  277.46  236.30  188.12  185.84  165.67   53.42
  177.46  185.82  179.10  225.16  261.15  319.98    0.00  454.96  378.68  388.47  410.67  463.15  394.21  409.97  385.02  375.70  318.17  339.54  277.97  263.91  166.97  164.88  170.62    0.05
   20.86   30.16   36.97   39.61   75.18   65.00   22.81    4.80
    2.17  265.50  382.31  441.93  548.80  554.53  290.00   48.19
   43.09   80.51  816.01  917.97  987.06  905.88  641.87   80.98
   38.02  136.34 1259.18 1996.27 1887.86 1345.83  654.47   85.60
   23.95  385.76 1496.95 2202.29 2154.97 1482.69  449.25   35.65
   83.36  208.48  982.71 1494.55 1595.59 1106.97  591.17    2.11
    0.10  413.06  433.64  517.14  717.34  386.51  182.69   44.98
   47.56   61.11    9.51   22.63   90.15  114.91   73.88    0.00

 statistika, N:
     456     519     224     701     356       0       0     297     253     725     789     488    1220    1156    1384     940     942     494     812     575     627       0     471     322
     616     718       0     701     599     545     241      14     556    1040     625    1743    1641       5    1839    1433     837       0     573     944     876     621     700     549
     465     462       1       0     502       0     728       3     695     848    1143    1050    1354      15    1705    2633    1320       0    1278    1177    1108     989     611     458
     481     608     302       0    1121     665     658       0    1008    1117    1529    1159       0      19    1503    3269    1641    1011     878    1427    1154    1038     885     720
     304     763     445      39       0    1086     918       0    1037    1799    1779      19    4169     594       2    1636       1       0    1252    1381    1694    1692     135     608
     758     867     624     501     948    1274    1517       0     871    1399    2054    1230       0      64    1348    3807    1769       0    1586    1905    1257    1352    1010     655
    1094     818     511       8       0       0    1348       0    1845    2332    2418    2310    1944    1719     623    2336    3941    2638    1991    3298    2290    1401     987     385
     682       0       0     208     694       0       8       0    1894    3145    3549    2353       0    2946       2    2858    1859       0    1961    1898    1675    1244     830    1258
       2    1000    1532    1383    1698    1982    2912    3401    4384    3560    6804    7352    5450    5129    5504    3490    2922    2075    2531    2311    2093    2416    1247    1163
    1076    1364    1227    1219    2548    2392       0    2679    3223    6561    6270   10586    7875   11302    6849    5698    5042    2519       0    2035    1459    2150    1477     696
    1444     793     894    1703    2372    3446    3491    4435    6311    8424       0       0       0       0    8359    5365    4433    2475    2236    2345    1772    2196    1136    1251
    1616    1219     883    1625    2581    3253    3799    4631    7039    7378       0       0       0       0   10231    6612    4587    3934    2907    2181    2780    2855    1638    1424
    1286    1831     758     638    2889    3132    3012    4498    6812       0       0       0       0       0   10486    6978    4728    4562       0    2248    2434    2396    1809    1188
    1273    1425    1523    1345    3393    2464    3620    4456    5109    4869       0       0       0       0    8959    7020    2784    3471    2539    2727    1558    2578    2202    1308
     820    1169    1081    1351    1723    4336    3265    4117    3550       0    4961   12292   11165    7458    4946    4630    5515    3365    2922    3222    2800    2406    1767    1440
     828     716     947     756    2119    2889    2669    2648    3358    3373    5513    5421   10108    2508    4006       0    2902    3264    3620    2147    1880    1379    1012    1381
    1040    1422    2656    1647    2784    2693    2730    3606    4492    5614    5796       3    3782    5103    5397    4359    3663    2606    3574    2005    1609    1316    1644    1404
    1258    1007    1496    1919    1499    2387    2128      26    2762    3792    4128    3296    2641    2983    2286    4041    3992    3453    1444    1553    1411    1243     371     594
     824     830    1022    1522    1602    2198    2979    1651    1723    2256    3538    3457    4107    2393    3079    2857    1791    1181       0     937     309     846       0     936
     957    1031    1190     943    1228    1734    1869      29    1979    2456    2424    2647    1410    2681    2300    2479    2926    3432    1195    1497    1046    1197     788     674
     750     779    1083    1058    1394    1835    1873    1779    2041    2332    2714    1974    2414    2408    1570    3144    1776    2959    1562     980    1258     715       0     654
     826     764     756     950    1179    1096    1318    1398    1434    1666    1643    2490     795    2070    2321    1604    1163    1423    2033    1208     716     445     491     731
     452     615     774     852     752    1006     872     883    1516    1471    1567    1482    1413    1436    1024    1232    1446    1074    1102    1131     626     651     566     423
     476     504     440     588     676     599       0     994     845     743     887    1192     762     952     802     835     724     949     993     661     325     296     333      57
     228     999    1525    1365    1063    1104     361      69
     507    2717    3671    4862    5676    5733    1947    1198
     928    4090    9266   10164    7311    8917    4183    1729
    1512    6311   14842   20223   16210   12170    8199    1527
    1355    6061   11988   21710   16881   14526    6473    1248
    1258    4551    9218   14931   15003   10362    1342     119
     794    2178    4882    5768    5843   12931    2009     390
     442     619    1406     889    2495    1015     597       0

 sigma, sigma=sqrt(D-W**2)/W
 0.99996 0.99995 0.99997 0.99997 0.99997 0.00000 0.00000 0.99997 0.99997 0.99996 0.99996 0.99997 0.99994 0.99994 0.99994 0.99996 0.99995 0.99996 0.99995 0.99996 0.99996 0.00000 0.99995 0.99996
 0.99995 0.99995 0.00000 0.99997 0.99996 0.99996 0.99996 0.99997 0.99996 0.99995 0.99996 0.99993 0.99994 0.00000 0.99993 0.99994 0.99996 0.00000 0.99996 0.99995 0.99995 0.99996 0.99995 0.99996
 0.99996 0.99996 0.00000 0.00000 0.99996 0.00000 0.99996 0.00000 0.99996 0.99996 0.99996 0.99996 0.99995 0.99996 0.99994 0.99992 0.99995 0.00000 0.99996 0.99994 0.99994 0.99995 0.99997 0.99996
 0.99996 0.99996 0.99996 0.00000 0.99995 0.99996 0.99996 0.00000 0.99996 0.99996 0.99995 0.99995 0.00000 0.99996 0.99995 0.99991 0.99995 0.99996 0.99996 0.99995 0.99995 0.99995 0.99995 0.99995
 0.99988 0.99996 0.99996 0.99996 0.00000 0.99996 0.99996 0.00000 0.99996 0.99995 0.99996 0.99996 0.99997 0.99997 0.00000 0.99996 0.00000 0.00000 0.99996 0.99995 0.99994 0.99993 0.99993 0.99996
 0.99996 0.99996 0.99996 0.99996 0.99996 0.99996 0.99996 0.00000 0.99971 0.99996 0.99995 0.99996 0.00000 0.99997 0.99996 0.99993 0.99996 0.00000 0.99995 0.99995 0.99995 0.99995 0.99995 0.99996
 0.99995 0.99996 0.99997 0.99997 0.00000 0.00000 0.99997 0.00000 0.99996 0.99996 0.99996 0.99996 0.99994 0.99995 0.99980 0.99996 0.99993 0.99994 0.99995 0.99992 0.99993 0.99995 0.99995 0.99996
 0.99997 0.00000 0.00000 0.99997 0.99996 0.00000 0.99996 0.00000 0.99996 0.99995 0.99995 0.99995 0.00000 0.99995 0.00000 0.99996 0.99996 0.00000 0.99995 0.99995 0.99995 0.99995 0.99996 0.99995
 0.00000 0.99996 0.99995 0.99996 0.99996 0.99995 0.99995 0.99995 0.99994 0.99995 0.99993 0.99993 0.99992 0.99994 0.99994 0.99995 0.99995 0.99996 0.99995 0.99995 0.99995 0.99994 0.99995 0.99995
 0.99996 0.99995 0.99996 0.99996 0.99995 0.99995 0.00000 0.99996 0.99996 0.99994 0.99994 0.99993 0.99994 0.99992 0.99994 0.99993 0.99994 0.99995 0.00000 0.99995 0.99995 0.99994 0.99995 0.99996
 0.99995 0.99996 0.99996 0.99996 0.99995 0.99994 0.99995 0.99994 0.99993 0.99993 0.00000 0.00000 0.00000 0.00000 0.99994 0.99995 0.99995 0.99996 0.99996 0.99995 0.99995 0.99994 0.99995 0.99995
 0.99995 0.99996 0.99996 0.99996 0.99995 0.99994 0.99994 0.99994 0.99994 0.99995 0.00000 0.00000 0.00000 0.00000 0.99994 0.99994 0.99995 0.99995 0.99995 0.99995 0.99993 0.99993 0.99995 0.99995
 0.99995 0.99995 0.99996 0.99997 0.99995 0.99995 0.99995 0.99995 0.99993 0.00000 0.00000 0.00000 0.00000 0.00000 0.99993 0.99994 0.99995 0.99993 0.00000 0.99995 0.99994 0.99994 0.99994 0.99996
 0.99995 0.99994 0.99996 0.99995 0.99993 0.99995 0.99995 0.99994 0.99995 0.99996 0.00000 0.00000 0.00000 0.00000 0.99993 0.99994 0.99996 0.99995 0.99995 0.99995 0.99996 0.99993 0.99994 0.99995
 0.99996 0.99996 0.99996 0.99996 0.99996 0.99992 0.99995 0.99995 0.99995 0.00000 0.99995 0.99993 0.99993 0.99995 0.99995 0.99995 0.99994 0.99995 0.99995 0.99994 0.99994 0.99994 0.99994 0.99995
 0.99996 0.99996 0.99996 0.99996 0.99995 0.99995 0.99995 0.99996 0.99995 0.99995 0.99994 0.99995 0.99991 0.99996 0.99996 0.00000 0.99995 0.99995 0.99994 0.99995 0.99995 0.99995 0.99996 0.99995
 0.99996 0.99995 0.99994 0.99995 0.99994 0.99994 0.99995 0.99994 0.99994 0.99993 0.99993 0.00000 0.99995 0.99994 0.99994 0.99994 0.99994 0.99995 0.99993 0.99995 0.99995 0.99995 0.99994 0.99994
 0.99994 0.99995 0.99995 0.99994 0.99996 0.99995 0.99995 0.99997 0.99995 0.99994 0.99994 0.99995 0.99996 0.99995 0.99996 0.99994 0.99993 0.99994 0.99996 0.99995 0.99995 0.99995 0.99997 0.99996
 0.99996 0.99996 0.99995 0.99995 0.99995 0.99995 0.99994 0.99996 0.99996 0.99995 0.99995 0.99994 0.99994 0.99995 0.99995 0.99994 0.99996 0.99996 0.00000 0.99996 0.99997 0.99996 0.00000 0.99995
 0.99995 0.99995 0.99995 0.99995 0.99996 0.99995 0.99995 0.99996 0.99995 0.99995 0.99995 0.99995 0.99996 0.99995 0.99995 0.99994 0.99993 0.99992 0.99996 0.99995 0.99995 0.99995 0.99996 0.99996
 0.99995 0.99995 0.99995 0.99995 0.99995 0.99994 0.99994 0.99995 0.99995 0.99995 0.99994 0.99995 0.99994 0.99994 0.99996 0.99993 0.99995 0.99990 0.99995 0.99996 0.99995 0.99996 0.00000 0.99996
 0.99994 0.99995 0.99995 0.99995 0.99995 0.99996 0.99996 0.99996 0.99996 0.99996 0.99996 0.99994 0.99997 0.99994 0.99994 0.99995 0.99995 0.99995 0.99993 0.99995 0.99996 0.99996 0.99996 0.99996
 0.99996 0.99995 0.99995 0.99995 0.99996 0.99996 0.99996 0.99996 0.99995 0.99995 0.99995 0.99995 0.99995 0.99995 0.99996 0.99995 0.99994 0.99995 0.99995 0.99994 0.99996 0.99995 0.99995 0.99995
 0.99995 0.99996 0.99996 0.99996 0.99996 0.99996 0.00000 0.99996 0.99996 0.99996 0.99996 0.99995 0.99996 0.99996 0.99996 0.99996 0.99996 0.99995 0.99995 0.99996 0.99996 0.99996 0.99996 0.99994
 0.99993 0.99993 0.99980 0.99985 0.99990 0.99989 0.99990 0.99991
 0.99987 0.99993 0.99991 0.99990 0.99990 0.99989 0.99993 0.99985
 0.99992 0.99992 0.99990 0.99991 0.99993 0.99991 0.99993 0.99989
 0.99990 0.99991 0.99991 0.99992 0.99993 0.99992 0.99990 0.99989
 0.99992 0.99993 0.99993 0.99993 0.99994 0.99992 0.99990 0.99987
 0.99992 0.99993 0.99992 0.99992 0.99993 0.99992 0.99996 0.99986
 0.99991 0.99993 0.99990 0.99991 0.99992 0.99985 0.99992 0.99994
 0.99992 0.99992 0.99987 0.99988 0.99984 0.99993 0.99993 0.00000

 sigma/sqrt(N)
    0.05    0.04    0.07    0.04    0.05    0.00    0.00    0.06    0.06    0.04    0.04    0.05    0.03    0.03    0.03    0.03    0.03    0.04    0.04    0.04    0.04    0.00    0.05    0.06
    0.04    0.04    0.00    0.04    0.04    0.04    0.06    0.27    0.04    0.03    0.04    0.02    0.02    0.00    0.02    0.03    0.03    0.00    0.04    0.03    0.03    0.04    0.04    0.04
    0.05    0.05    0.00    0.00    0.04    0.00    0.04    0.00    0.04    0.03    0.03    0.03    0.03    0.26    0.02    0.02    0.03    0.00    0.03    0.03    0.03    0.03    0.04    0.05
    0.05    0.04    0.06    0.00    0.03    0.04    0.04    0.00    0.03    0.03    0.03    0.03    0.00    0.23    0.03    0.02    0.02    0.03    0.03    0.03    0.03    0.03    0.03    0.04
    0.06    0.04    0.05    0.16    0.00    0.03    0.03    0.00    0.03    0.02    0.02    0.23    0.02    0.04    0.00    0.02    0.00    0.00    0.03    0.03    0.02    0.02    0.09    0.04
    0.04    0.03    0.04    0.04    0.03    0.03    0.03    0.00    0.03    0.03    0.02    0.03    0.00    0.12    0.03    0.02    0.02    0.00    0.03    0.02    0.03    0.03    0.03    0.04
    0.03    0.03    0.04    0.35    0.00    0.00    0.03    0.00    0.02    0.02    0.02    0.02    0.02    0.02    0.04    0.02    0.02    0.02    0.02    0.02    0.02    0.03    0.03    0.05
    0.04    0.00    0.00    0.07    0.04    0.00    0.35    0.00    0.02    0.02    0.02    0.02    0.00    0.02    0.00    0.02    0.02    0.00    0.02    0.02    0.02    0.03    0.03    0.03
    0.00    0.03    0.03    0.03    0.02    0.02    0.02    0.02    0.02    0.02    0.01    0.01    0.01    0.01    0.01    0.02    0.02    0.02    0.02    0.02    0.02    0.02    0.03    0.03
    0.03    0.03    0.03    0.03    0.02    0.02    0.00    0.02    0.02    0.01    0.01    0.01    0.01    0.01    0.01    0.01    0.01    0.02    0.00    0.02    0.03    0.02    0.03    0.04
    0.03    0.04    0.03    0.02    0.02    0.02    0.02    0.02    0.01    0.01    0.00    0.00    0.00    0.00    0.01    0.01    0.02    0.02    0.02    0.02    0.02    0.02    0.03    0.03
    0.02    0.03    0.03    0.02    0.02    0.02    0.02    0.01    0.01    0.01    0.00    0.00    0.00    0.00    0.01    0.01    0.01    0.02    0.02    0.02    0.02    0.02    0.02    0.03
    0.03    0.02    0.04    0.04    0.02    0.02    0.02    0.01    0.01    0.00    0.00    0.00    0.00    0.00    0.01    0.01    0.01    0.01    0.00    0.02    0.02    0.02    0.02    0.03
    0.03    0.03    0.03    0.03    0.02    0.02    0.02    0.01    0.01    0.01    0.00    0.00    0.00    0.00    0.01    0.01    0.02    0.02    0.02    0.02    0.03    0.02    0.02    0.03
    0.03    0.03    0.03    0.03    0.02    0.02    0.02    0.02    0.02    0.00    0.01    0.01    0.01    0.01    0.01    0.01    0.01    0.02    0.02    0.02    0.02    0.02    0.02    0.03
    0.03    0.04    0.03    0.04    0.02    0.02    0.02    0.02    0.02    0.02    0.01    0.01    0.01    0.02    0.02    0.00    0.02    0.02    0.02    0.02    0.02    0.03    0.03    0.03
    0.03    0.03    0.02    0.02    0.02    0.02    0.02    0.02    0.01    0.01    0.01    0.00    0.02    0.01    0.01    0.02    0.02    0.02    0.02    0.02    0.02    0.03    0.02    0.03
    0.03    0.03    0.03    0.02    0.03    0.02    0.02    0.20    0.02    0.02    0.02    0.02    0.02    0.02    0.02    0.02    0.02    0.02    0.03    0.03    0.03    0.03    0.05    0.04
    0.03    0.03    0.03    0.03    0.02    0.02    0.02    0.02    0.02    0.02    0.02    0.02    0.02    0.02    0.02    0.02    0.02    0.03    0.00    0.03    0.06    0.03    0.00    0.03
    0.03    0.03    0.03    0.03    0.03    0.02    0.02    0.19    0.02    0.02    0.02    0.02    0.03    0.02    0.02    0.02    0.02    0.02    0.03    0.03    0.03    0.03    0.04    0.04
    0.04    0.04    0.03    0.03    0.03    0.02    0.02    0.02    0.02    0.02    0.02    0.02    0.02    0.02    0.03    0.02    0.02    0.02    0.03    0.03    0.03    0.04    0.00    0.04
    0.03    0.04    0.04    0.03    0.03    0.03    0.03    0.03    0.03    0.02    0.02    0.02    0.04    0.02    0.02    0.02    0.03    0.03    0.02    0.03    0.04    0.05    0.05    0.04
    0.05    0.04    0.04    0.03    0.04    0.03    0.03    0.03    0.03    0.03    0.03    0.03    0.03    0.03    0.03    0.03    0.03    0.03    0.03    0.03    0.04    0.04    0.04    0.05
    0.05    0.04    0.05    0.04    0.04    0.04    0.00    0.03    0.03    0.04    0.03    0.03    0.04    0.03    0.04    0.03    0.04    0.03    0.03    0.04    0.06    0.06    0.05    0.13
    0.07    0.03    0.03    0.03    0.03    0.03    0.05    0.12
    0.04    0.02    0.02    0.01    0.01    0.01    0.02    0.03
    0.03    0.02    0.01    0.01    0.01    0.01    0.02    0.02
    0.03    0.01    0.01    0.01    0.01    0.01    0.01    0.03
    0.03    0.01    0.01    0.01    0.01    0.01    0.01    0.03
    0.03    0.01    0.01    0.01    0.01    0.01    0.03    0.09
    0.04    0.02    0.01    0.01    0.01    0.01    0.02    0.05
    0.05    0.04    0.03    0.03    0.02    0.03    0.04    0.00

