 delta for calibr coefs, delta=-1+mpi0t*weight/mpi0r
 0.04431 0.03810 0.12260 0.08702-0.00091 0.00000 0.00000 0.01970 0.14331 0.01553 0.01063 0.00767 0.01635 0.01094 0.00499 0.00197 0.01267 0.00883 0.01674 0.00783 0.00361 0.00000-0.00321 0.03559
 0.04416 0.03936 0.00000 0.08700 0.01508-0.00727-0.00996 0.05030 0.00881 0.00715 0.00655 0.00703 0.00183 0.01070 0.00233-0.00200 0.00665 0.00000 0.00756 0.00229 0.00156 0.00661-0.00088 0.01768
 0.04056 0.02344 0.04668 0.00000 0.00947 0.00000 0.00754 0.00000 0.00616 0.00690 0.00866 0.00399 0.01085 0.06065 0.01194-0.00989 0.00656 0.00000-0.00273 0.00055-0.02143-0.00535-0.01172 0.01903
 0.00876 0.01240 0.00000 0.00000 0.00205 0.00761 0.00442 0.00000 0.00737 0.00723 0.00598 0.01365 0.00000 0.04887 0.01808 0.00235 0.00749 0.00671 0.01384 0.00581 0.00010 0.01018 0.01447 0.01204
 0.03400 0.01660 0.00212 0.07891 0.00000 0.01109 0.01052 0.00000 0.01248 0.01604 0.00448-0.01225 0.00000-0.00275 0.06053-0.00030-0.01301 0.01353 0.01232 0.00920 0.00651 0.00311 0.04247 0.00871
 0.00012 0.00783 0.00151 0.00000 0.01280-0.01566 0.01376 0.00000 0.01522 0.01782 0.00384 0.00922 0.00000 0.00000-0.00256 0.00647 0.00736 0.00000 0.01074 0.00204 0.00290 0.00484 0.00883 0.01139
 0.00125 0.00302 0.00114 0.00000 0.00000 0.00000 0.01516 0.00000 0.00169 0.00212 0.00358-0.00023 0.01395 0.01500 0.03016 0.00215-0.03229 0.00639 0.00507 0.00077-0.00027 0.00531 0.01587 0.03227
 0.01300 0.00000 0.00000-0.00801 0.02468 0.00000-0.03382 0.00000 0.01044 0.02372 0.00249 0.00055 0.00000 0.01058 0.04343 0.00333-0.00191-0.01406 0.01024 0.00430 0.00421 0.01059 0.01759 0.01212
 0.00000 0.01193 0.00525 0.00908 0.01106 0.02177 0.00431 0.00817 0.00005 0.02504-0.00034 0.00029 0.00261-0.00084 0.00668 0.00007 0.00794 0.00295 0.00632 0.00915 0.00092-0.00049 0.01101 0.01781
 0.00933 0.00380 0.00968 0.01289 0.00261 0.00720 0.00000 0.00727 0.03271 0.00757 0.02283 0.00545 0.00394 0.01284 0.00707 0.02185 0.00253 0.01278 0.00000 0.01568 0.01090 0.00940 0.00375 0.01712
 0.00846 0.00537 0.00356 0.00049 0.01151 0.00845 0.01098 0.00079 0.00386 0.01206 0.00000 0.00000 0.00000 0.00000 0.01571 0.00640 0.00792 0.01379 0.01243 0.00400 0.01249 0.00539 0.00527 0.00926
 0.00779 0.01284 0.01177 0.00828 0.00238 0.00346 0.00222 0.00821 0.00592 0.00492 0.00000 0.00000 0.00000 0.00000 0.00527 0.00084-0.00074-0.00221 0.00669 0.00379 0.00703 0.00126 0.00240 0.01184
 0.01086 0.01156 0.02594 0.00199 0.00499 0.00411 0.00720 0.00677 0.00351 0.00000 0.00000 0.00000 0.00000 0.00000 0.01008 0.00109-0.00006 0.00618 0.00000 0.00677 0.00117-0.00411 0.00535 0.00803
 0.00253 0.00044-0.00700 0.00859-0.00350-0.02200 0.00499 0.00265-0.00129-0.00080 0.00000 0.00000 0.00000 0.00000-0.00043 0.00497-0.00128 0.00636 0.01660 0.00845 0.00555 0.00630 0.00696 0.01208
 0.00670 0.00794 0.01300 0.01823 0.01668 0.02368 0.00847 0.00351 0.00522 0.00000 0.00755 0.01048 0.00894 0.00209 0.01805 0.00663 0.00244-0.00765 0.00515 0.00431 0.01156 0.00889 0.00979 0.01199
 0.00862 0.02042 0.03680 0.06167 0.00995 0.01345 0.00375 0.00734 0.00017 0.00219 0.01399 0.00263 0.00708 0.02317 0.00319 0.00000 0.00551 0.00301-0.00142 0.00422 0.01229 0.01096 0.01053 0.01099
 0.01393 0.00495-0.02726 0.01178 0.00647 0.01113 0.01600 0.01068 0.00264 0.01232 0.00964 0.00721 0.00039 0.00791 0.00880 0.01112 0.00719 0.00240 0.00079 0.00762 0.01274 0.01640 0.01124 0.02299
 0.00504 0.02285 0.00599 0.00765 0.00768 0.01334 0.01253 0.03142 0.01307 0.00387 0.00703 0.00573 0.00056 0.01246 0.01571 0.00303 0.00301 0.00679 0.00897 0.00770 0.01252 0.01703 0.01625 0.01929
 0.01673 0.01081 0.00456 0.01429 0.01011 0.01089 0.01057 0.03916 0.00788 0.00688 0.00538 0.00627-0.00422-0.00176 0.01068 0.00460 0.00541-0.00079 0.00000 0.01312 0.00000 0.01095 0.00000 0.01955
 0.01135 0.00353 0.01181 0.01000 0.01216 0.00805 0.00821 0.02498 0.00737 0.00436 0.00534 0.00542 0.00833 0.00540 0.00442 0.01307 0.00488-0.00143 0.01842 0.01320 0.00816 0.00525 0.01554 0.01794
 0.00361 0.01209 0.00897 0.01451 0.01012 0.00523 0.01341 0.01057 0.00468-0.00138 0.00397 0.01685 0.00598-0.01555-0.00407 0.02373 0.00535-0.00074 0.00683 0.00399 0.01215 0.01503 0.00000-0.00503
 0.00264 0.00987 0.00509 0.01149 0.00309-0.00062 0.00972 0.00595 0.01188 0.00121 0.00042 0.01834 0.01910 0.00674 0.01496 0.00571 0.00314 0.00671-0.00123-0.00258 0.01102 0.00772 0.00608 0.00175
-0.00083 0.00974 0.00343 0.00516 0.00024-0.00161 0.00521-0.01624-0.00529-0.00123 0.01125 0.00589 0.00554 0.00396 0.00278 0.00673 0.00624-0.00100-0.00162 0.00510 0.01486 0.01027 0.01408 0.01705
 0.03826 0.02709 0.00349 0.00106 0.00458 0.00310 0.00000 0.00537-0.00320 0.00545 0.03176 0.00843 0.00857 0.00352 0.00289 0.00804 0.00621 0.00282 0.00561 0.00578 0.04167 0.00638 0.01378 0.02517
 0.03957 0.03765 0.01845 0.02035 0.02592 0.02418 0.03685 0.03670
 0.04672 0.04645 0.01488 0.01431 0.03302 0.01898 0.01818 0.03275
 0.04300 0.03956 0.01522 0.01283 0.01542 0.02037 0.01629 0.01531
 0.03576 0.03938 0.01408 0.01175 0.01597 0.01995 0.01880 0.02315
 0.03650 0.02837 0.01118 0.01307 0.01689 0.02196 0.02641 0.03957
 0.03103 0.03211 0.01195 0.01458 0.01884 0.02014 0.00910-0.00442
 0.02892 0.01925 0.06069 0.02333 0.01562 0.00209-0.01194 0.00011
 0.00293 0.02463 0.05290 0.03070-0.00006-0.02259-0.01412 0.05332

 weights, W=(weight1+weight2+...)
****************39425.5594579.66********    0.00    0.00******** 4417.20************************************************************************************************    0.00****************
****************    0.00******************************** 5526.63************************************************************************    0.00************************************************
****************  447.02    0.00********    0.00********    0.00**************************************** 4818.79************************    0.00************************************************
****************    0.00    0.00************************    0.00********************************    0.00 6919.56********************************************************************************
20338.70****************43225.31    0.00****************    0.00************************  758.21    0.00********  272.86********   51.64   44.58************************************************
************************    0.00************************    0.0026383.40************************    0.00    0.00************************    0.00************************************************
************************    0.00    0.00    0.00********    0.00************************************************ 6114.36************************************************************************
********    0.00    0.00****************    0.00   57.86    0.00********************************    0.00********   96.30****************  164.59************************************************
    0.00****************************************************************************************************************************************************************************************
************************************************    0.00****************************************************************************************    0.00****************************************
********************************************************************************    0.00    0.00    0.00    0.00********************************************************************************
********************************************************************************    0.00    0.00    0.00    0.00********************************************************************************
************************************************************************    0.00    0.00    0.00    0.00    0.00********************************    0.00****************************************
********************************************************************************    0.00    0.00    0.00    0.00********************************************************************************
************************************************************************    0.00****************************************************************************************************************
************************************************************************************************************************    0.00****************************************************************
************************************************************************************************************************************************************************************************
********************************************************  881.63********************************************************************************************************************************
************************************************************************************************************************************************    0.00********    0.00********    0.00********
************************************************************************************************************************************************************************************************
********************************************************************************************************************************************************************************    0.00********
************************************************************************************************************************************************************************************************
************************************************************************************************************************************************************************************************
************************************************    0.00************************30179.72************************************************************************************************ 1493.26
59471.51****************************************66862.6319901.01
30442.85********************************************************
****************************************************************
****************************************************************
********************************************************91717.65
******************************************************** 5966.79
10199.43********98685.72****************************************
****************46238.4777320.83************************ 4267.74

 D, D=(weight1**2+weight2**2+...)
  959.09 1353.63   74.11  279.29 2450.69    0.00    0.00 2631.86   40.95 3856.10 4357.38 3577.61 4182.21 3824.66 3995.91 3706.48 3440.07 3487.60 2948.07 2432.62 2632.74    0.00 2460.89  568.01
 1011.06 1388.95    0.00  445.33 2920.13 2213.10 2099.53   12.37 2810.87 3754.97 3362.46 4507.52 3682.21 3715.63 3499.90 3106.32 3051.16    0.00 2292.54 2231.25 2028.31 1839.62 1732.64 1976.11
  944.2832757.83    0.46    0.00 2911.73    0.00 3869.50    0.00 3398.14 4090.56 4674.39 4096.05 5740.87   10.90 3835.64 4076.38 4007.53    0.00 6977.87 2087.30 2439.44 2283.10  803.89 1811.85
 2601.92 2134.41    0.00    0.00 4539.88 4300.55 3758.71    0.00 4794.14 4724.82 5389.00 6745.94    0.88   17.18 5398.30 4585.07 4596.82 4882.17 2399.21 3163.01 2479.38 2138.56 2170.61 2520.95
   33.28 2564.6814666.00  307.03    0.00 4487.89 5210.41    0.00 5685.79 6274.89 6753.86    5.37    0.00 6999.51    0.26 5462.53    0.02    0.02 4569.88 3310.16 3017.52 3117.87  798.82 2987.10
 3364.43 2812.0110964.17    0.00 4810.26 5242.52 5622.86    0.00   68.75 6558.89 7869.29 7839.05    0.00    0.00 6827.42 6126.47 6979.90    0.01 4871.92 4079.41 3357.63 3144.67 2840.47 3032.74
 3716.98 3004.2241540.27    0.00    0.00    0.00 7864.74    0.02 9199.29 8891.90 9119.48 9557.62 6221.14 5761.42    3.03 7763.77 7929.16 6974.02 4913.67 4666.08 4064.69 3329.96 3002.25 2153.28
 4488.92    0.00    0.00 1224.23 4155.32    0.00    0.01    0.00 9161.4010014.8610981.83 8759.56    0.0010129.88    0.05 9994.67 7844.52    0.10 6386.81 5133.52 4511.28 3931.44 2633.81 4393.14
    0.00 4019.31 5111.40 6103.15 6106.20 6070.33 9471.7110139.9111830.9510640.3713575.0914276.6210669.5513553.7113595.0910463.51 9271.73 8585.18 7155.76 5803.88 5241.36 4843.77 3304.26 3991.18
 4683.70 4043.45 4708.15 4610.17 7155.89 8029.18    0.0010634.48 9988.9715264.8915967.7220051.2919677.6219485.1014993.5512428.2311376.68 9228.62    0.00 6475.11 4850.67 4613.72 4225.27 3587.33
 5202.75 3144.50 3995.73 6559.40 7059.58 7559.62 9776.0310988.3313638.8619200.74    0.00    0.00    0.00    0.0019297.7614698.9512567.00 9847.99 8529.52 7148.30 5226.66 4962.78 3131.41 4977.27
 4996.23 4231.09 3968.94 6792.62 7900.59 7681.49 9407.5611676.2015431.2624982.81    0.00    0.00    0.00    0.0025167.9317117.2213269.2911102.9710310.00 6707.69 5647.88 5127.67 3516.13 4767.37
 4871.94 4613.39 2935.63 4258.15 8298.63 7062.57 9862.1612881.2417487.22    0.00    0.00    0.00    0.00    0.0023847.5117424.6013678.3211467.09    0.00 7177.74 5550.40 4803.54 3477.89 4779.81
 5336.17 3218.53 5724.68 4096.47 6995.31 6437.06 8423.7612526.2616702.6622542.17    0.00    0.00    0.00    0.0018704.6016776.4211848.9411021.09 8257.90 6847.19 4908.23 4835.21 3898.02 4618.42
 4533.25 4406.84 3818.00 5736.11 6549.14 7369.92 9035.9711866.8113477.99    0.0018356.2125574.5324900.3623788.7917386.5916649.0613519.96 9893.75 7996.87 6905.88 5925.42 4671.32 3582.37 4577.16
 4762.08 3132.52 4010.53 3308.14 7277.71 7622.50 8826.7410014.2312079.2412707.6515147.8615123.7218390.6913988.5416162.13    0.0011479.17 8999.21 7404.34 5835.87 5567.03 4131.22 3093.84 4427.98
 4089.65 3490.81 5003.57 4945.65 5752.78 6900.24 7575.57 9883.4510918.2811415.6512741.9412894.9412608.8414944.3713048.6710609.12 9226.60 6833.17 6806.66 5942.94 4842.04 3655.85 3361.10 3788.99
 4310.03 2574.82 3945.41 4655.41 4773.04 6338.21 7471.45    5.16 9357.88 9785.2110150.6910235.0610441.6610513.93 8889.71 9253.38 8074.70 7247.51 5813.93 5490.65 4792.78 3970.52 2239.55 2359.99
 3345.63 2878.65 3584.39 3887.46 4385.65 5576.40 6275.52 6855.44 7066.00 7715.79 8970.75 8996.8110393.45 8779.15 8677.15 7288.85 6052.63 5151.69    0.00 5125.84    0.00 4215.28    0.00 3930.23
 3170.80 2822.28 3016.59 3385.33 3635.41 4781.71 5268.05 5104.68 6640.62 7007.98 7410.27 7813.84 6413.31 7812.12 6965.18 6075.17 5720.60 5519.28 4342.07 4166.93 3441.79 3126.66 2599.61 2638.86
 2862.23 1980.25 2867.35 2950.89 3583.66 4021.24 4487.53 4997.34 5665.96 6105.46 6614.10 5849.56 6910.89 6570.15 5316.81 4908.59 4377.41 4243.87 3599.39 2984.53 2926.99 2908.17    0.00 2855.71
 2434.97 2244.72 2646.40 2949.04 3576.98 3988.91 4395.11 4956.87 4988.17 6230.91 5802.26 5917.30 4280.39 5041.41 5496.82 5013.73 3438.67 3775.03 3706.30 3347.54 2745.73 2694.87 2390.37  925.67
 2195.70 1911.47 2374.02 2520.41 2804.70 3358.42 4093.84 4274.87 4416.88 5032.14 5378.86 4890.00 5022.06 4842.67 4034.80 4042.78 4059.58 3265.37 2894.40 2703.48 2184.86 2075.53 1755.22  307.07
 1512.69 1646.84 2319.57 2613.41 2954.98 3680.23    0.00 4789.94 4529.65 4924.16  158.60 5364.36 4296.83 4661.88 4478.22 4150.38 3484.44 3552.52 3150.18 2971.74 1568.45 1658.76 2006.03    0.56
  220.78  419.91  364.11  396.58  655.64  583.05  230.56   73.82
   39.31 1721.14 3488.32 3959.38 4230.15 4525.74 2623.45  346.28
  445.18 1351.83 7524.79 8682.95 8658.00 7953.43 5370.28  709.94
  574.96 1360.1212551.4021128.3017657.2112301.19 6045.26  804.25
  378.29 4772.1615333.9521871.8619401.4612821.76 3977.61  226.26
  911.85 2547.7110096.1113268.2413146.69 8225.88 4090.13   12.20
    2.22 3874.18  176.56 4510.65 5159.77 5782.48  834.81  439.09
  479.54  487.62   89.61  202.76  793.94  835.69  516.91   45.01

 statistika, N:
    3516    4627    1599    2267    3413       0       0    3089      37    8789   10034    6175   16151   18207   18390   13721   11277    6440    9733    7791    7658       0    5794    2383
    4997    6568       0    2267    5628    4726    3416     165    6185   11833    7479   20997   21594   13083   24238   16176    9735       0    6765   11411    9552    6911    8097    4992
    4010   42419      29       0    5449       0    8037       0    7365    9373   12973   12803   16033     196   18754   27981   13443       2   13740   12968   10617   10576    1713    4330
    5284    5936       0       0   12103    7248    7182       0    9761   11133   16120   14921       1     263   15532   31575   15856   10867    9358   14897   11619   11354    8166    7188
    3414    8673  182562     522       0    7911    8779       1    8845   16222   17433       6       0    7547      35   15162      11       8   12272   13605   17164   18587    2881    6537
    8364    9535  178789       0    8721   10758   13035       0    7344   12381   19657   14306       0       0   11892   34381   16334       2   14157   18237   12881   14744   10536    7215
   12908    8803  183568       0       0       0   11206       1   15308   19752   22676   22409   18730   14913    5016   20434   40779   23771   17079   30268   23107   13266    9795    3951
    6884       0       0    1346    6669       0      43       0   17342   27622   33191   21687       0   26040      19   24824   17018      23   17407   18369   17153   12849    8538   13298
       1   10452   15676   13077   16576   18746   25843   30057   38454   29260   59590   63313   47657   44139   46342   31240   26293   19470   23361   21919   20620   23543   11903   11313
   11336   13644   11986   10804   23515   22208       1   24213   23481   58630   50190   90407   67047   96854   55870   49846   43281   22933       0   19370   14980   21140   15625    7272
   15097    8454    9262   16305   22753   32462   32955   40534   56816   73952       0       0       0       0   68816   46041   37985   21425   22617   22711   15826   22298   11733   13164
   16993   12169    8874   14863   25571   30873   35974   40087   62591   63050       0       0       0       0   85008   56323   40160   34190   25414   20518   26527   29220   17902   15221
   12928   17795    6583    6791   26749   27811   28384   40094   61229       0       0       0       0       0   83130   59933   40562   41191       0   21252   23521   23091   18607   12498
   13438   14537   12877   12836   30205   29397   30411   38907   45184   42745       0       0       0       0   73855   59700   25902   30328   23084   25932   15759   26427   22274   14112
    9145   11998    9715   11956   16155   37778   29878   38252   31540       0   45175  105005   91469   62478   39992   39648   49592   29477   26809   31080   26388   23580   17628   15428
    9198    7730    9001    6853   20845   27803   24907   25597   31112   29367   50637   50847   88100   22205   34076       0   26494   29005   33224   19552   18275   13956   10754   14882
   11190   14714   27326   16272   28082   26528   26244   32745   43256   50143   60226   52043   35051   44301   47685   38849   33137   23380   35508   19987   16597   13637   17234   14395
   14670   10621   15296   19452   14892   23563   20136      10   25592   35395   39633   37198   25689   26717   20879   38503   36248   31264   13716   15320   14765   13379    4220    4565
    9835    9611   11366   15672   16399   20911   27632   15411   17461   21322   32157   32295   36873   22813   28941   26612   17811   10526       0    8850       0    8931       0    8836
   12091   11947   12779   10323   11560   16461   20163   13160   20807   23642   23488   25667   13789   26686   21823   23922   28805   34175   10556   14678   10807   13181    8026    7296
    8988    9014   12451   11764   14085   18413   20017   20776   20914   23000   27338   19117   23898   23642   14776   27878   17439   30436   16858   10050   12198    7540       0    7905
   10092    9137    9373   11231   12991   11860   13174   13809   14080   16913   16357   25370    8383   21939   23246   16278   12210   14605   21389   13697    8097    5075    5521    8250
    5932    7522    9955   10431    8891   11610    9018    9400   16350   16565   16201   16188   16219   16184   11075   13769   16369   11600   12253   12916    7759    8162    6532    4929
    5412    5614    5832    7167    7995    7268       0   10727   10538    8794     564   12301    8669   10962    9302    9627    8010   10605   11123    7779    3643    3319    3863     510
    1813    9552   14268   12341    8779    8856    3378     783
    5101   22318   35207   42358   45558   50209   16716   10082
   10311   38912   93073   94006   63173   75704   35757   14286
   16365   58483  146665  184778  140172  103114   82168   12635
   16938   60277  117182  187211  136095  114204   54346   10507
   12996   43400   80813  122558  116449   80480    9818     769
    8366   15634   13662   42387   43984  110133   13902   11050
    4641    5846    7468    6746   19356    7903    4279      31

 sigma, sigma=sqrt(D-W**2)/W
 0.99995 0.99994 0.99996 0.99996 0.99997 0.00000 0.00000 0.99997 0.99996 0.99996 0.99996 0.99997 0.99994 0.99993 0.99993 0.99995 0.99995 0.99996 0.99995 0.99996 0.99995 0.00000 0.99996 0.99995
 0.99994 0.99994 0.00000 0.99996 0.99996 0.99996 0.99997 0.99997 0.99996 0.99995 0.99997 0.99993 0.99994 0.99995 0.99993 0.99995 0.99996 0.00000 0.99996 0.99995 0.99995 0.99996 0.99995 0.99996
 0.99995 0.99997 0.99997 0.00000 0.99996 0.00000 0.99996 0.00000 0.99996 0.99996 0.99996 0.99996 0.99995 0.99995 0.99994 0.99993 0.99995 0.00000 0.99996 0.99994 0.99995 0.99994 0.99997 0.99996
 0.99996 0.99996 0.00000 0.00000 0.99995 0.99996 0.99996 0.00000 0.99996 0.99996 0.99995 0.99995 0.00000 0.99995 0.99995 0.99992 0.99995 0.99996 0.99995 0.99995 0.99995 0.99994 0.99995 0.99995
 0.99986 0.99995 0.99997 0.99996 0.00000 0.99996 0.99996 0.00000 0.99997 0.99995 0.99996 0.99997 0.00000 0.99997 0.99994 0.99996 0.99996 0.99996 0.99996 0.99995 0.99994 0.99993 0.99995 0.99996
 0.99996 0.99996 0.99997 0.00000 0.99996 0.99996 0.99996 0.00000 0.99964 0.99996 0.99996 0.99996 0.00000 0.00000 0.99996 0.99992 0.99996 0.00000 0.99995 0.99994 0.99995 0.99994 0.99995 0.99996
 0.99995 0.99996 0.99997 0.00000 0.00000 0.00000 0.99997 0.00000 0.99996 0.99996 0.99996 0.99996 0.99994 0.99995 0.99980 0.99996 0.99993 0.99994 0.99995 0.99992 0.99993 0.99995 0.99995 0.99996
 0.99997 0.00000 0.00000 0.99997 0.99996 0.00000 0.99995 0.00000 0.99996 0.99995 0.99995 0.99996 0.00000 0.99995 0.99994 0.99995 0.99996 0.99996 0.99995 0.99995 0.99995 0.99995 0.99996 0.99995
 0.00000 0.99995 0.99995 0.99996 0.99996 0.99995 0.99995 0.99995 0.99994 0.99995 0.99993 0.99993 0.99993 0.99995 0.99994 0.99995 0.99995 0.99996 0.99995 0.99995 0.99995 0.99994 0.99995 0.99995
 0.99995 0.99995 0.99996 0.99996 0.99995 0.99995 0.00000 0.99996 0.99996 0.99994 0.99995 0.99993 0.99994 0.99992 0.99994 0.99993 0.99994 0.99995 0.00000 0.99995 0.99996 0.99994 0.99995 0.99996
 0.99995 0.99996 0.99996 0.99996 0.99995 0.99994 0.99994 0.99994 0.99994 0.99993 0.00000 0.00000 0.00000 0.00000 0.99994 0.99995 0.99995 0.99996 0.99995 0.99995 0.99996 0.99994 0.99996 0.99995
 0.99994 0.99996 0.99996 0.99996 0.99995 0.99994 0.99994 0.99994 0.99994 0.99995 0.00000 0.00000 0.00000 0.00000 0.99994 0.99995 0.99995 0.99995 0.99995 0.99995 0.99994 0.99993 0.99994 0.99995
 0.99995 0.99994 0.99996 0.99997 0.99995 0.99995 0.99995 0.99995 0.99994 0.00000 0.00000 0.00000 0.00000 0.00000 0.99994 0.99994 0.99995 0.99993 0.00000 0.99995 0.99995 0.99994 0.99994 0.99995
 0.99995 0.99994 0.99996 0.99995 0.99994 0.99995 0.99995 0.99995 0.99995 0.99996 0.00000 0.00000 0.00000 0.00000 0.99994 0.99994 0.99996 0.99995 0.99995 0.99995 0.99996 0.99993 0.99993 0.99995
 0.99996 0.99996 0.99996 0.99996 0.99996 0.99992 0.99995 0.99995 0.99995 0.00000 0.99995 0.99993 0.99993 0.99995 0.99996 0.99995 0.99994 0.99995 0.99995 0.99994 0.99994 0.99994 0.99994 0.99994
 0.99996 0.99996 0.99996 0.99996 0.99995 0.99994 0.99995 0.99996 0.99996 0.99996 0.99994 0.99995 0.99992 0.99997 0.99996 0.00000 0.99996 0.99995 0.99994 0.99995 0.99995 0.99995 0.99996 0.99994
 0.99995 0.99995 0.99993 0.99995 0.99993 0.99994 0.99995 0.99994 0.99994 0.99993 0.99992 0.99994 0.99995 0.99995 0.99994 0.99994 0.99994 0.99995 0.99993 0.99995 0.99995 0.99995 0.99994 0.99994
 0.99994 0.99995 0.99995 0.99994 0.99996 0.99994 0.99995 0.99997 0.99995 0.99994 0.99994 0.99994 0.99996 0.99995 0.99996 0.99994 0.99993 0.99994 0.99996 0.99996 0.99995 0.99995 0.99997 0.99996
 0.99995 0.99996 0.99996 0.99995 0.99995 0.99995 0.99994 0.99996 0.99996 0.99996 0.99994 0.99994 0.99994 0.99996 0.99995 0.99995 0.99996 0.99996 0.00000 0.99996 0.00000 0.99996 0.00000 0.99995
 0.99994 0.99995 0.99995 0.99996 0.99996 0.99995 0.99995 0.99996 0.99995 0.99995 0.99995 0.99995 0.99996 0.99995 0.99995 0.99994 0.99993 0.99992 0.99996 0.99995 0.99996 0.99995 0.99995 0.99995
 0.99995 0.99995 0.99995 0.99995 0.99995 0.99994 0.99994 0.99994 0.99995 0.99995 0.99994 0.99995 0.99994 0.99995 0.99996 0.99992 0.99995 0.99992 0.99994 0.99996 0.99995 0.99995 0.00000 0.99996
 0.99994 0.99995 0.99995 0.99995 0.99995 0.99996 0.99996 0.99996 0.99996 0.99996 0.99996 0.99993 0.99996 0.99994 0.99994 0.99995 0.99995 0.99995 0.99993 0.99995 0.99996 0.99996 0.99996 0.99996
 0.99996 0.99995 0.99995 0.99995 0.99996 0.99995 0.99996 0.99997 0.99995 0.99995 0.99995 0.99995 0.99995 0.99995 0.99996 0.99995 0.99994 0.99995 0.99995 0.99994 0.99995 0.99995 0.99995 0.99993
 0.99994 0.99995 0.99996 0.99996 0.99996 0.99996 0.00000 0.99996 0.99996 0.99996 0.99995 0.99995 0.99996 0.99996 0.99996 0.99996 0.99996 0.99995 0.99995 0.99996 0.99996 0.99996 0.99996 0.99994
 0.99994 0.99993 0.99982 0.99985 0.99990 0.99989 0.99991 0.99993
 0.99989 0.99993 0.99991 0.99991 0.99990 0.99989 0.99993 0.99984
 0.99992 0.99992 0.99990 0.99992 0.99993 0.99991 0.99993 0.99988
 0.99991 0.99992 0.99991 0.99993 0.99993 0.99993 0.99989 0.99990
 0.99992 0.99994 0.99994 0.99993 0.99994 0.99992 0.99991 0.99986
 0.99993 0.99993 0.99993 0.99993 0.99993 0.99992 0.99996 0.99987
 0.99991 0.99994 0.99988 0.99991 0.99993 0.99990 0.99992 0.99991
 0.99993 0.99991 0.99984 0.99989 0.99985 0.99993 0.99993 0.99996

 sigma/sqrt(N)
    0.02    0.01    0.03    0.02    0.02    0.00    0.00    0.02    0.16    0.01    0.01    0.01    0.01    0.01    0.01    0.01    0.01    0.01    0.01    0.01    0.01    0.00    0.01    0.02
    0.01    0.01    0.00    0.02    0.01    0.01    0.02    0.08    0.01    0.01    0.01    0.01    0.01    0.01    0.01    0.01    0.01    0.00    0.01    0.01    0.01    0.01    0.01    0.01
    0.02    0.00    0.19    0.00    0.01    0.00    0.01    0.00    0.01    0.01    0.01    0.01    0.01    0.07    0.01    0.01    0.01    0.00    0.01    0.01    0.01    0.01    0.02    0.02
    0.01    0.01    0.00    0.00    0.01    0.01    0.01    0.00    0.01    0.01    0.01    0.01    0.00    0.06    0.01    0.01    0.01    0.01    0.01    0.01    0.01    0.01    0.01    0.01
    0.02    0.01    0.00    0.04    0.00    0.01    0.01    0.00    0.01    0.01    0.01    0.41    0.00    0.01    0.17    0.01    0.30    0.35    0.01    0.01    0.01    0.01    0.02    0.01
    0.01    0.01    0.00    0.00    0.01    0.01    0.01    0.00    0.01    0.01    0.01    0.01    0.00    0.00    0.01    0.01    0.01    0.00    0.01    0.01    0.01    0.01    0.01    0.01
    0.01    0.01    0.00    0.00    0.00    0.00    0.01    0.00    0.01    0.01    0.01    0.01    0.01    0.01    0.01    0.01    0.00    0.01    0.01    0.01    0.01    0.01    0.01    0.02
    0.01    0.00    0.00    0.03    0.01    0.00    0.15    0.00    0.01    0.01    0.01    0.01    0.00    0.01    0.23    0.01    0.01    0.21    0.01    0.01    0.01    0.01    0.01    0.01
    0.00    0.01    0.01    0.01    0.01    0.01    0.01    0.01    0.01    0.01    0.00    0.00    0.00    0.00    0.00    0.01    0.01    0.01    0.01    0.01    0.01    0.01    0.01    0.01
    0.01    0.01    0.01    0.01    0.01    0.01    0.00    0.01    0.01    0.00    0.00    0.00    0.00    0.00    0.00    0.00    0.00    0.01    0.00    0.01    0.01    0.01    0.01    0.01
    0.01    0.01    0.01    0.01    0.01    0.01    0.01    0.00    0.00    0.00    0.00    0.00    0.00    0.00    0.00    0.00    0.01    0.01    0.01    0.01    0.01    0.01    0.01    0.01
    0.01    0.01    0.01    0.01    0.01    0.01    0.01    0.00    0.00    0.00    0.00    0.00    0.00    0.00    0.00    0.00    0.00    0.01    0.01    0.01    0.01    0.01    0.01    0.01
    0.01    0.01    0.01    0.01    0.01    0.01    0.01    0.00    0.00    0.00    0.00    0.00    0.00    0.00    0.00    0.00    0.00    0.00    0.00    0.01    0.01    0.01    0.01    0.01
    0.01    0.01    0.01    0.01    0.01    0.01    0.01    0.01    0.00    0.00    0.00    0.00    0.00    0.00    0.00    0.00    0.01    0.01    0.01    0.01    0.01    0.01    0.01    0.01
    0.01    0.01    0.01    0.01    0.01    0.01    0.01    0.01    0.01    0.00    0.00    0.00    0.00    0.00    0.01    0.01    0.00    0.01    0.01    0.01    0.01    0.01    0.01    0.01
    0.01    0.01    0.01    0.01    0.01    0.01    0.01    0.01    0.01    0.01    0.00    0.00    0.00    0.01    0.01    0.00    0.01    0.01    0.01    0.01    0.01    0.01    0.01    0.01
    0.01    0.01    0.01    0.01    0.01    0.01    0.01    0.01    0.00    0.00    0.00    0.00    0.01    0.00    0.00    0.01    0.01    0.01    0.01    0.01    0.01    0.01    0.01    0.01
    0.01    0.01    0.01    0.01    0.01    0.01    0.01    0.32    0.01    0.01    0.01    0.01    0.01    0.01    0.01    0.01    0.01    0.01    0.01    0.01    0.01    0.01    0.02    0.01
    0.01    0.01    0.01    0.01    0.01    0.01    0.01    0.01    0.01    0.01    0.01    0.01    0.01    0.01    0.01    0.01    0.01    0.01    0.00    0.01    0.00    0.01    0.00    0.01
    0.01    0.01    0.01    0.01    0.01    0.01    0.01    0.01    0.01    0.01    0.01    0.01    0.01    0.01    0.01    0.01    0.01    0.01    0.01    0.01    0.01    0.01    0.01    0.01
    0.01    0.01    0.01    0.01    0.01    0.01    0.01    0.01    0.01    0.01    0.01    0.01    0.01    0.01    0.01    0.01    0.01    0.01    0.01    0.01    0.01    0.01    0.00    0.01
    0.01    0.01    0.01    0.01    0.01    0.01    0.01    0.01    0.01    0.01    0.01    0.01    0.01    0.01    0.01    0.01    0.01    0.01    0.01    0.01    0.01    0.01    0.01    0.01
    0.01    0.01    0.01    0.01    0.01    0.01    0.01    0.01    0.01    0.01    0.01    0.01    0.01    0.01    0.01    0.01    0.01    0.01    0.01    0.01    0.01    0.01    0.01    0.01
    0.01    0.01    0.01    0.01    0.01    0.01    0.00    0.01    0.01    0.01    0.04    0.01    0.01    0.01    0.01    0.01    0.01    0.01    0.01    0.01    0.02    0.02    0.02    0.04
    0.02    0.01    0.01    0.01    0.01    0.01    0.02    0.04
    0.01    0.01    0.01    0.00    0.00    0.00    0.01    0.01
    0.01    0.01    0.00    0.00    0.00    0.00    0.01    0.01
    0.01    0.00    0.00    0.00    0.00    0.00    0.00    0.01
    0.01    0.00    0.00    0.00    0.00    0.00    0.00    0.01
    0.01    0.00    0.00    0.00    0.00    0.00    0.01    0.04
    0.01    0.01    0.01    0.00    0.00    0.00    0.01    0.01
    0.01    0.01    0.01    0.01    0.01    0.01    0.02    0.18

