2
3
5
7
8
12
13
15
19
21
26
27
31
32
36
37
38
41
42
43
50
51
52
53
54
55
56
57
58
60
61
62
65
66
70
74
75
76
79
84
85
87
98
99
100
101
103
107
108
109
110
112
113
122
123
124
125
127
132
133
134
135
137
146
148
149
151
156
158
160
169
170
171
172
173
174
175
180
182
183
185
192
212
222
234
237
241
242
250
251
252
253
258
268
274
275
276
277
297
298
299
300
301
306
314
322
323
324
325
339
342
345
356
362
363
366
367
373
375
386
392
404
415
422
450
452
454
463
473
497
503
507
516
517
518
527
538
542
558
575
585
593
607
615
626
627
629
631
635
639
