2
3
5
6
8
12
21
26
27
31
38
41
49
50
51
53
54
55
60
61
63
65
66
67
74
75
79
81
82
84
85
87
96
99
100
103
107
108
109
110
112
113
123
126
127
132
133
134
137
146
147
148
149
150
151
158
169
170
171
173
174
175
176
180
182
185
187
192
196
197
209
222
224
226
234
243
244
247
249
250
251
252
253
257
270
274
275
276
277
281
298
299
300
301
306
314
317
318
322
323
324
325
329
332
338
345
352
356
363
364
367
370
373
375
395
422
450
451
452
454
495
497
502
513
558
565
575
576
584
592
598
603
604
611
621
622
628
629
633
