 delta for calibr coefs, delta=-1+mpi0t*weight/mpi0r
 0.01258 0.00235 0.00000 0.00000 0.01288 0.00000-0.00253 0.00781 0.00146 0.00746 0.00429 0.00000 0.00043-0.00049-0.00496 0.00821 0.00235-0.01881-0.00407-0.00522 0.00555 0.00000 0.01019-0.00498
 0.02782 0.00248 0.00000 0.00000 0.00456-0.00248-0.00291 0.03230-0.00713-0.00262-0.00069-0.02467-0.01144-0.00837-0.01639-0.01255-0.01382-0.01060 0.00006-0.00758-0.00724 0.00308-0.01116-0.00274
-0.01659-0.03193 0.00000 0.00000 0.01752 0.00067 0.01001 0.00000-0.00204-0.00714-0.00785 0.00014-0.01582-0.01221-0.01309-0.01270 0.00248-0.01915-0.02702-0.00479-0.00826 0.00065-0.01089 0.00054
-0.01144-0.04825-0.01735 0.00000 0.00445-0.00092 0.00000 0.02560-0.00310-0.00789-0.00698-0.00030-0.00994-0.04287-0.01272 0.00372 0.00562 0.00231-0.00776-0.00286-0.00954-0.00610-0.00699 0.01047
-0.01991-0.02315-0.03360 0.00000 0.01396-0.01097 0.01048 0.00000 0.00624-0.00955-0.00272 0.00000 0.00102-0.02433-0.02434-0.00826 0.00349 0.00508 0.00015-0.00342-0.00961-0.00165 0.00142 0.00503
-0.02178-0.00590-0.01491-0.01232-0.00516-0.01218-0.00883-0.01339 0.01718-0.00078-0.00571-0.00421-0.05361-0.01302-0.00780 0.00707 0.00000 0.00634 0.00415 0.00191-0.01087-0.00671-0.00896-0.00422
-0.01543-0.01044-0.00577-0.00633 0.06268 0.00000-0.00578 0.00000 0.00661-0.00153 0.00210 0.00000-0.00572-0.00239-0.01861 0.00457-0.01392-0.00925-0.00045-0.00339-0.00641 0.00164-0.00202 0.00926
-0.00621 0.00732-0.00014-0.01937-0.00544 0.05062-0.01069-0.02401 0.00318 0.00401 0.00448 0.00233 0.00101 0.00496 0.00588 0.00167 0.00719-0.00244 0.00793 0.01234-0.00118-0.00219-0.00237 0.00471
 0.00000-0.01004-0.00833-0.00880-0.01289-0.00392-0.00316 0.00250-0.04573-0.00156 0.00837 0.00534 0.01445 0.02305 0.02174 0.01376 0.01569 0.00898 0.01715 0.01422 0.00351 0.00871 0.00593 0.00840
 0.00632-0.01780-0.01490-0.01682-0.00961-0.00957-0.04653-0.00594-0.00447-0.04142 0.00918 0.01302 0.02391 0.02040 0.01835 0.01878 0.01712 0.00185 0.02434 0.01336 0.01452 0.00523 0.01604 0.00309
-0.00772-0.02130-0.01528-0.01771-0.00669-0.00833-0.00199-0.00160 0.00193 0.00433 0.00000 0.00000 0.00000 0.00000 0.02265 0.01813 0.00136 0.01121 0.01375 0.01625 0.00908 0.01827 0.01937 0.01099
 0.00285-0.01737-0.01133-0.01478-0.00786-0.00276-0.00414 0.00038 0.00367 0.01073 0.00000 0.00000 0.00000 0.00000 0.02350 0.02152 0.01825 0.01738 0.01911 0.01651 0.01599 0.02091 0.01910 0.01710
 0.00643-0.01748-0.02044-0.01382-0.00641-0.00483-0.00266-0.00075 0.00981 0.01694 0.00000 0.00000 0.00000 0.00000 0.02217 0.02189 0.01451 0.01770 0.02323 0.01272 0.00805 0.01024 0.01151 0.02046
 0.00643-0.01145 0.02469-0.00868-0.06064-0.05662-0.00393-0.00206-0.00033 0.00752 0.00000 0.00000 0.00000 0.00000 0.02544 0.02595 0.01365 0.01642 0.01561 0.01390 0.01124 0.01068 0.01458 0.02738
 0.00407-0.00947-0.00169-0.00806-0.06413-0.06343-0.00717-0.00379 0.00131 0.02461 0.00672 0.00633 0.02003 0.02077 0.01512 0.01353 0.01245 0.00678 0.00937 0.01140 0.01370 0.01870 0.00685 0.01674
 0.00713-0.00571 0.01548-0.01565-0.06205-0.06276-0.00506-0.00417-0.00497-0.00245 0.00150 0.00266 0.01217 0.01333 0.01307 0.00000 0.01402 0.01237 0.01612 0.01289 0.01314 0.01170 0.01476 0.01417
 0.01876 0.00595-0.00559-0.00690-0.01405-0.01170 0.00082 0.00575-0.00028-0.00112-0.00200-0.00334-0.00255-0.00181 0.00176-0.00209 0.00001-0.00229-0.00400-0.00765-0.00903-0.01238 0.00383 0.00494
 0.01828 0.00034 0.00767-0.00003 0.00354 0.00389 0.00358 0.01065-0.00407-0.00165-0.00353-0.00171-0.00326-0.00246 0.00174-0.00443-0.00125-0.00776-0.00438-0.00812 0.00039-0.00400 0.00556-0.00271
 0.01285 0.01254 0.00774 0.00550 0.00487 0.00169 0.00777 0.00680-0.00843-0.00335-0.00060-0.00021-0.00646-0.00561-0.00234-0.00477-0.00171-0.00305 0.00000 0.00700-0.00842-0.01182 0.00003 0.00000
 0.01808 0.00797 0.01526 0.01662 0.00513 0.00404 0.01046 0.00397-0.00785-0.00029-0.00346-0.00545-0.00949-0.00717-0.00498-0.00988-0.00947-0.00223-0.00886-0.00675-0.01162-0.00712-0.01006 0.01688
 0.01274 0.00499 0.01641 0.00924 0.01029 0.00226 0.00532 0.00173-0.00772-0.00684-0.00725 0.00000-0.01531-0.00776-0.01166-0.01304-0.01361-0.01441-0.01490-0.01915-0.01262-0.01753-0.02123 0.02472
 0.05675 0.02406 0.02527 0.03464 0.00773 0.01370 0.01002 0.00688-0.00811-0.01095-0.05305-0.00399-0.01466-0.00641-0.01270-0.04192-0.01314-0.00872-0.01484-0.01798-0.01176 0.00806 0.00000 0.01004
 0.05732 0.01827 0.01318 0.01723 0.01389 0.01778 0.02056 0.00608-0.00735-0.00683-0.01071-0.00721-0.00231 0.01071-0.01508-0.00852-0.00413-0.00772-0.01080-0.00799-0.03523-0.04028-0.03538 0.00630
 0.05536 0.01813 0.01630 0.00866 0.02155 0.01352 0.00000 0.01749 0.00215 0.00813 0.00852-0.00492-0.00766-0.00340-0.00632-0.00481-0.01092-0.00115-0.01637-0.01681 0.04769-0.00271-0.00331 0.07556
 0.01216 0.03506 0.02033 0.02803 0.02033 0.01773 0.02347 0.02256
 0.01704 0.04996 0.01400 0.01356 0.01623 0.01243-0.02186 0.01308
 0.03930 0.04395 0.01200 0.01424 0.01583 0.01463 0.01337 0.01462
 0.04384 0.03669 0.01445 0.01345 0.01710 0.01753 0.01807 0.01401
 0.03872 0.02712 0.01184 0.01303 0.01508 0.01800 0.02027 0.01464
 0.03364 0.02095 0.01144 0.01217 0.01550 0.02496 0.01515 0.04087
 0.01882 0.02315 0.01426 0.01562 0.01745 0.01857 0.03508 0.01874
-0.00472 0.00216 0.02305 0.02173 0.00436-0.00071 0.00709-0.00101

 weights, W=(weight1+weight2+...)
37131.6465775.93    0.00    0.00********    0.00****************************************    0.00************************************************************************    0.0082343.8872829.71
54362.6548857.51    0.00    0.00************************ 5251.12************************  497.21****************************************************************************************97389.47
73412.1883133.34    0.00    0.00************************    0.00************************************************************************   17.93********************************95223.47********
99269.22****************    0.00****************    0.00  109.15********************************************************************************************************************************
    4.38****************    0.00************************    0.00************************    0.00************************************************************************************************
********************************************************  170.39    2.48********************************************************    0.00********************************************************
******************************** 5961.98    0.00********    0.00************************    0.00****************   57.36************************************************************************
********  604.70********************************  122.84   68.28********************************************************************************************************************************
    0.00****************************************************************************************************************************************************************************************
************************************************************************************************************************************************************************************************
********************************************************************************    0.00    0.00    0.00    0.00********************************************************************************
********************************************************************************    0.00    0.00    0.00    0.00********************************************************************************
********************************************************************************    0.00    0.00    0.00    0.00********************************************************************************
********************************************************************************    0.00    0.00    0.00    0.00********************************************************************************
************************************************************************************************************************************************************************************************
************************************************************************************************************************    0.00****************************************************************
************************************************************************************************************************************************************************************************
************************************************************************************************************************************************************************************************
************************************************************************************************************************************************    0.00********************************    0.00
****************************************************************************************************************************************************************************************64862.38
****************************************************************************************    0.00****************************************************************************************77044.27
************************84448.96************************************************************************************************************************************************    0.0029560.07
66342.43************************************************************************************************ 1210.98************************************************************************16911.44
58805.9687110.02********************************    0.00********************************************************************************************************78948.0775407.8476031.04 2438.23
97477.99************************************************27576.03
85122.02********************************************************
****************************************************************
****************************************************************
****************************************************************
********************************************************21101.24
82283.59********************************************************
****************79081.84****************************************

 D, D=(weight1**2+weight2**2+...)
  233.91  413.81    0.00    0.00  780.49    0.00 1073.00 1309.91 1424.83 1716.26 2135.76    0.00 2223.02 2176.71 2008.24 1738.87 1634.12 1472.62 1326.22 1012.43  927.65    0.00  478.84  432.73
  298.84  229.15    0.00    0.00 1010.96 1184.55 1454.18   30.45 1935.89 2296.10 2326.30    0.03 2779.77 2498.05 2232.79 2049.41 1870.47 1971.20 1479.42 1322.13  769.46  744.87  530.83  535.40
  409.57  430.83    0.00    0.00 1062.09 1658.35 2214.66    0.00 2790.06 3229.69 4126.54 4319.71 3805.60 3530.23 3287.69 3023.06 2794.53    0.00 2083.95 1638.51 1432.88  958.90  487.61  740.61
  608.18  471.92  867.12    0.00 2001.29 2332.68    0.00    0.00 4027.39 4759.57 5541.27 6013.66 5773.77 4858.88 4475.56 3405.36 3889.67 3808.82 2724.08 2221.59 1584.99 1210.83  973.77  924.03
    0.00  942.96 1091.02    0.00 2454.90 3421.50 4114.34    0.00 3422.90 6549.31 8655.89    0.00 8394.16 7748.03 6608.14 5358.77 5897.51 4901.53 3872.15 2635.46 2193.30 1690.46 1122.62 1135.32
 1126.87  972.40 1362.37 1155.83 3156.46 4893.49 6757.61    0.07    0.00 9649.6011681.7414312.55 8619.0610554.2410649.79 7831.72    0.00 6277.16 4974.22 3619.16 2708.75 2081.78 1467.28 1547.50
 1374.72 1418.38 1954.86 2929.16    7.58    0.0010173.82    0.0012948.2413278.4315202.13    0.0016578.7214784.49    0.0011845.9611064.72 6928.70 6008.18 4686.79 3386.83 2232.14 2032.74 1656.90
 1895.77    4.30 2985.46  979.53 5922.97 1694.42    0.01    0.0113663.1415700.3717475.9220688.1320590.7318781.1217631.4913659.7411033.4610249.29 7910.29 5587.28 3958.25 3003.41 2016.92 2165.51
    0.00 2436.58 2957.86 4624.07 6264.96 8114.7211118.6213220.9713813.0116119.6521394.4728292.1829139.9723830.5420897.7917092.7114858.9911923.54 7711.69 6356.78 4860.89 3368.98 2101.26 2170.28
 2133.78 2331.79 3511.13 4842.31 6915.17 8622.1510807.1213335.8915158.1219687.7329738.1345629.8646219.0641841.5129494.3222009.1618808.1310478.7514023.31 6477.93 4943.43 3708.09 2385.82 2155.72
 2515.88 2375.81 3924.47 5794.32 7511.83 8423.0811955.1415382.7821001.2733283.09    0.00    0.00    0.00    0.0045029.0027035.5021837.8215486.36 8789.65 8256.88 5465.82 3447.68 2197.56 2582.13
 2501.72 2967.15 4227.46 6390.45 8197.5110287.4212977.0217302.5425894.9144638.39    0.00    0.00    0.00    0.0062458.9533004.4523458.9715462.18 9353.71 7267.21 5922.74 3529.92 2337.99 2496.03
 2567.61 2344.55 4504.76 5097.05 8400.39 9907.5613562.2019415.8226116.9113507.68    0.00    0.00    0.00    0.0060743.2135827.2023911.31 9896.23 7450.55 5727.86 5614.25 3467.26 2409.91 2365.26
 2663.77 2411.81 1034.46 4703.35 6458.46 8069.5812665.1319524.6728015.1132490.86    0.00    0.00    0.00    0.0054622.6732279.0820184.4514675.40 7712.27 7646.15 4625.04 3531.67 2339.31 2262.04
 2332.97 2941.71 3653.88 5908.82 3459.81 7456.5212568.1417883.7120579.4733401.6631234.8854722.9357861.9147168.6535362.9629941.6422626.0114871.5410805.80 7406.03 5149.74 3325.83 2319.67 2346.76
 2267.98 2449.25 2078.35 5255.60 5723.87 7681.4511327.3915312.1718130.2119309.8126990.0428073.9531030.1632425.8527038.40    0.0018146.7013341.14 8961.48 6568.22 4840.20 3349.01 1989.98 2294.17
 2053.37 2080.42 3285.88 4534.72 6376.45 7992.81 9763.6612217.3915483.1917920.2120115.4522315.2122071.4525042.2222942.4218370.3814448.94 9800.72 9168.20 6607.47 4542.10 3150.77 2274.63 1229.19
 1660.61 1922.22 2803.60 3955.25 5144.16 7082.33 8577.0810117.4912370.1813760.7415230.8416598.7417660.3317791.5115740.8114756.1011847.24 9949.45 7325.12 5969.35 4198.81 3138.89 1338.81 1252.50
 1408.08 1548.10 2247.20 3410.12 4364.63 5984.11 7525.92 8460.23 9589.6810747.1612380.9313794.6015626.3413362.2613339.2110533.92 8291.31 6318.01    0.00 5380.44 3050.62 2459.34 1981.11    0.00
 1157.49 1235.64  990.56 2265.68 3491.69 4611.41 5672.18 6556.77 8543.17 9245.1910331.3711852.24 9800.6111233.33 9579.38 8393.23 6437.56 6288.69 5010.84 3973.27 2727.75 2018.28 1196.46  271.78
  940.31  949.10 1321.87 1698.96 2710.71 3503.12 4322.02 5127.59 5751.21 6833.34 7541.34    0.00 8990.46 7583.96 5789.63 5939.02 4802.90 4291.32 3302.41 2327.28 2042.07 1426.03  794.04  319.33
  551.80  888.82 1034.29  542.46 2151.24 2966.93 3648.70 4170.32 4600.45 5173.52 5093.76 6708.48 5186.55 5732.61 5652.97 4461.19 2980.77 3394.27 2622.07 2119.56 1451.16  713.06    0.00   87.80
  371.28  659.40  874.68 1123.00 1542.85 1986.42 2330.14 2488.78 3139.50 3461.94 3402.16 3826.65 4149.25    0.32 3382.85 3076.31 2870.85 1834.34 1589.03 1298.36  984.74  695.98  574.15   40.04
  361.96  487.92  640.81  933.89 1135.29 1562.96    0.00 1966.18 2298.43 2431.01 2416.46 2906.45 2727.40 3092.30 2557.72 2416.78 1935.98 1615.41 1284.64 1053.51  456.69  480.77  489.71    5.11
  256.37 1036.63  530.61  677.79 1568.16 1378.53  361.46   99.46
  132.91 2236.47 7486.32 9759.8813688.7612972.88 6544.23  707.17
  352.72  903.9718100.0921273.4422897.1422829.7014372.45 1798.31
  184.41  607.6422167.7527068.0225984.6726257.4017358.05 2405.52
  461.57 4516.5623676.2727247.2428056.1327294.9619486.15 3125.15
  727.88 1589.9419274.4624809.6325679.5122108.49  883.13   30.62
   69.20 4712.29 8394.8910356.4513605.2513541.18 6703.80  848.39
 1286.25 1919.35  106.61  328.65 1306.92 1704.71 1462.90  833.33

 statistika, N:
     429    1162       0       3    1164       0    2173    3120    4723    6941    5401       0    4498    8210    7459    7201    6939    4708    6474    3938    2807       0    1930     984
    1518    1009       0       4    2400    3851    2720      87    7581   11162    4947     841    8944    8788    9435   11475    8430    5142    5393    7801    1869    2779    3097    1720
    1281    1501       0       0    1927    4592    2740       0    7557    9624   13708   12039   11452   14503   24451   20163   11310      88    7240   11894    7119    5904    1278    2042
    1412    2399    1675       1    2665    6535       0     461    9585   15612   19176   14323   22765   20350   20505   42272   21444   17122   12902   13393    7762    6647    5176    3561
      35    3756    2823       0    3075   10106    9068       1    5373   25031   26269       0   27451   50392   31074   23762   22888   21651   17219   12399   13294   14221    5176    3790
    3353    4307    4306    3110    7297   12444   15976      41    3127   22943   32107   24908   22194   41572   37109   52155       0   20242   21504   20106   10516   10541    7448    4297
    5765    4871    6042    5385     799       0   13886       0   28844   40852   36941       0   44738   61766    1636   33347   49919   45765   24644   38837   20317   10400   10094    3799
    3039       6    7773    1331    9115    1718     142      60   33224   63024   61605   54512   68725   94887   77015   51752   30841   36367   32078   22870   15217   10162    7460    8724
       0    7242   15249   12943   19485   28708   49075   44599   54477   54667  117181  155160  137595   99641   86196   58596   49014   33773   33308   27673   23882   23141    9157    8253
    6187    8909   11551   14460   26655   34288   70802   40052   47121   98624  125339  228798  166747  235087  138524  104725   81886   34564   15906   24396   18360   21217   11915    4963
    9047    6695   11558   19543   27074   18654   51480   65871  103380  130815       0       0       0       0  187487  104154   74965   41502   28853   28805   20850   21711    9428    9090
   10629    9868   11543   18248   31151   43383   55836   66806  121314  117996       0       0       0       0  218370  128479   81903   55245   30950   23310   39287   28994   13789   10251
    7517    5845    9842    8578   32543   42366   41735   67166  119785   39570       0       0       0       0  166456  137454   81537   61286    9835   22755   27731   23141   15348    8057
    9893    8919    2928   15375   36792   43923   52632   68051   81772   79890       0       0       0       0  217389  143120   52614   46907   31607   32826   17469   26399   15586    9428
    5076    8520   10838   14608   12749   52784   46633   63936   57253   54237   99758  247462  237363  168230  101292   82000   98765   50580   41812   41901   30125   23262   14073   10852
    5064    4828    7503   11563   18985   31152   36896   48615   52152   51866  100939  101718  127723  139934   73741       0   49012   50465   52869   27243   20620   14703    8057   10350
    7001    7471   10086   16691   33429   33817   36841   55314   73620   95448  111631  109604   67468   85422   84560   67875   54359   35391   53885   25726   18268   13463   14158    5436
    8871    9111   14068   19464   17342   30930   32754   45572   48178   61691   67326   73605   47797   45835   37523   68394   62824   49791   19883   18989   18650   13004    3908    6825
    5451    6628    7655   15509   19155   26848   40787   26929   27214   35041   54212   56167   65890   38342   50467   43284   26656   14118       0   11946    8344   10554    7780       0
    6175    5220    2455    8548   13518   19294   24911   18481   31632   37141   38132   37191   23258   41539   32216   37062   17407   41807   13237   15029   12348   10944    5746    1385
    4049    4140    5429    7160   11942   18510   20503   24703   26387   32354   33206       0   30260   32730   17391   39066   19701   37597   16856    8098   10387    5614    2081    1510
    4150    4208    3704    2197    5048    9987   12005   13151   15899   18851   16713   14485   10592   24218   26780   15701   10979   14011   19414    9105    4972    1686       2     981
    1693    3010    3926    3923    5053    8251    6204    6167   14856   14775   16937   16535   15363    1234    8044   11004   12759    3722    7517    7350    3663    2969    1674    1216
    1637    1890    2049    3145    3679    3571       0    3768    6879    5839    6963   10745    5861    5438    5492    6185    4684    5876    5872    3495    1905     967    1086     164
    4467   18364   24043   23710   25765   25557    7403    1290
    8554   36125   60441   88959  119268  127203   42761   26739
   11899   68225  135797  162938  145683  180499   96618   41837
   17168   98869  177340  254099  230237  204245  175361   43888
   19832   99038  145600  269750  210034  218288  134963   44733
   20882   83177  128602  192979  216451  164110   44884    4539
   17148   57569   41201   94148  104107   91195   46044   19967
    8652   15146   17948   13261   46441   22148   13288   14090

 sigma, sigma=sqrt(D-W**2)/W
 0.99996 0.99994 0.00000 0.00000 0.99997 0.00000 0.99996 0.99995 0.99995 0.99994 0.99995 0.00000 0.99996 0.99994 0.99994 0.99994 0.99994 0.99995 0.99993 0.99995 0.99994 0.00000 0.99993 0.99996
 0.99992 0.99995 0.00000 0.00000 0.99995 0.99995 0.99996 0.99995 0.99995 0.99993 0.99997 0.99995 0.99995 0.99995 0.99995 0.99993 0.99995 0.99996 0.99996 0.99993 0.99997 0.99995 0.99994 0.99995
 0.99995 0.99995 0.00000 0.00000 0.99996 0.99995 0.99997 0.00000 0.99996 0.99996 0.99995 0.99995 0.99996 0.99994 0.99991 0.99992 0.99994 0.99996 0.99995 0.99992 0.99994 0.99993 0.99997 0.99995
 0.99996 0.99995 0.99996 0.00000 0.99997 0.99995 0.00000 0.99994 0.99995 0.99995 0.99995 0.99996 0.99994 0.99995 0.99994 0.99987 0.99993 0.99993 0.99994 0.99993 0.99994 0.99994 0.99994 0.99994
 0.99994 0.99994 0.99996 0.00000 0.99997 0.99995 0.99996 0.00000 0.99996 0.99994 0.99995 0.00000 0.99994 0.99991 0.99994 0.99994 0.99994 0.99994 0.99994 0.99994 0.99993 0.99990 0.99995 0.99995
 0.99995 0.99995 0.99995 0.99996 0.99995 0.99996 0.99996 0.99995 0.99447 0.99996 0.99995 0.99996 0.99996 0.99994 0.99994 0.99990 0.00000 0.99995 0.99994 0.99993 0.99995 0.99994 0.99994 0.99995
 0.99993 0.99995 0.99996 0.99996 0.99991 0.00000 0.99997 0.00000 0.99995 0.99995 0.99995 0.00000 0.99995 0.99993 0.99983 0.99995 0.99993 0.99992 0.99994 0.99990 0.99993 0.99994 0.99994 0.99996
 0.99996 0.99996 0.99995 0.99997 0.99996 0.99997 0.99996 0.99994 0.99995 0.99993 0.99994 0.99995 0.99994 0.99992 0.99993 0.99994 0.99996 0.99995 0.99994 0.99994 0.99995 0.99995 0.99995 0.99993
 0.00000 0.99995 0.99993 0.99995 0.99995 0.99994 0.99993 0.99994 0.99994 0.99995 0.99991 0.99991 0.99992 0.99993 0.99993 0.99994 0.99994 0.99995 0.99993 0.99994 0.99993 0.99991 0.99995 0.99994
 0.99995 0.99995 0.99995 0.99995 0.99994 0.99994 0.99991 0.99995 0.99995 0.99993 0.99993 0.99992 0.99994 0.99991 0.99992 0.99992 0.99993 0.99994 0.99997 0.99994 0.99995 0.99992 0.99993 0.99996
 0.99994 0.99996 0.99996 0.99995 0.99994 0.99996 0.99993 0.99993 0.99992 0.99993 0.00000 0.00000 0.00000 0.00000 0.99992 0.99993 0.99994 0.99995 0.99995 0.99994 0.99994 0.99991 0.99995 0.99994
 0.99993 0.99995 0.99996 0.99995 0.99994 0.99994 0.99993 0.99994 0.99993 0.99995 0.00000 0.00000 0.00000 0.00000 0.99993 0.99993 0.99994 0.99994 0.99994 0.99995 0.99991 0.99989 0.99993 0.99993
 0.99995 0.99996 0.99996 0.99997 0.99994 0.99994 0.99995 0.99994 0.99992 0.99994 0.00000 0.00000 0.00000 0.00000 0.99994 0.99993 0.99994 0.99990 0.99996 0.99994 0.99993 0.99992 0.99992 0.99994
 0.99993 0.99994 0.99994 0.99995 0.99993 0.99994 0.99994 0.99994 0.99995 0.99995 0.00000 0.00000 0.00000 0.00000 0.99992 0.99992 0.99995 0.99994 0.99994 0.99993 0.99995 0.99990 0.99992 0.99993
 0.99996 0.99996 0.99995 0.99996 0.99996 0.99991 0.99994 0.99994 0.99995 0.99996 0.99994 0.99993 0.99992 0.99993 0.99995 0.99995 0.99993 0.99995 0.99994 0.99992 0.99992 0.99991 0.99993 0.99992
 0.99996 0.99996 0.99993 0.99996 0.99995 0.99995 0.99995 0.99995 0.99995 0.99995 0.99994 0.99994 0.99993 0.99993 0.99995 0.00000 0.99995 0.99994 0.99992 0.99994 0.99994 0.99994 0.99995 0.99992
 0.99994 0.99995 0.99995 0.99995 0.99993 0.99994 0.99994 0.99993 0.99992 0.99992 0.99991 0.99992 0.99995 0.99994 0.99994 0.99994 0.99994 0.99995 0.99992 0.99995 0.99995 0.99995 0.99992 0.99995
 0.99991 0.99994 0.99993 0.99993 0.99995 0.99994 0.99994 0.99993 0.99994 0.99993 0.99993 0.99993 0.99995 0.99995 0.99996 0.99993 0.99992 0.99993 0.99996 0.99995 0.99994 0.99994 0.99996 0.99994
 0.99994 0.99995 0.99995 0.99994 0.99994 0.99994 0.99992 0.99995 0.99996 0.99995 0.99993 0.99994 0.99993 0.99995 0.99994 0.99994 0.99995 0.99996 0.00000 0.99996 0.99996 0.99995 0.99994 0.00000
 0.99992 0.99994 0.99994 0.99994 0.99995 0.99994 0.99994 0.99996 0.99994 0.99994 0.99994 0.99994 0.99996 0.99994 0.99995 0.99994 0.99996 0.99991 0.99996 0.99995 0.99994 0.99993 0.99994 0.99996
 0.99993 0.99995 0.99994 0.99994 0.99994 0.99993 0.99993 0.99993 0.99994 0.99993 0.99993 0.00000 0.99994 0.99994 0.99996 0.99991 0.99995 0.99990 0.99994 0.99996 0.99994 0.99995 0.99996 0.99996
 0.99989 0.99994 0.99994 0.99992 0.99996 0.99995 0.99995 0.99995 0.99995 0.99995 0.99996 0.99996 0.99997 0.99993 0.99993 0.99995 0.99995 0.99994 0.99991 0.99994 0.99995 0.99995 0.00000 0.99995
 0.99993 0.99994 0.99993 0.99994 0.99995 0.99994 0.99995 0.99996 0.99993 0.99994 0.99993 0.99994 0.99994 0.99987 0.99996 0.99995 0.99994 0.99997 0.99994 0.99993 0.99995 0.99995 0.99996 0.99991
 0.99991 0.99994 0.99995 0.99994 0.99994 0.99995 0.00000 0.99996 0.99995 0.99995 0.99995 0.99993 0.99996 0.99996 0.99996 0.99995 0.99996 0.99994 0.99993 0.99995 0.99993 0.99996 0.99995 0.99993
 0.99994 0.99992 0.99978 0.99983 0.99988 0.99987 0.99989 0.99992
 0.99992 0.99993 0.99991 0.99990 0.99990 0.99989 0.99993 0.99980
 0.99991 0.99989 0.99991 0.99992 0.99993 0.99991 0.99992 0.99985
 0.99987 0.99988 0.99991 0.99990 0.99991 0.99992 0.99989 0.99988
 0.99991 0.99991 0.99993 0.99990 0.99992 0.99991 0.99991 0.99989
 0.99990 0.99992 0.99992 0.99992 0.99991 0.99991 0.99977 0.99984
 0.99991 0.99993 0.99994 0.99991 0.99992 0.99992 0.99991 0.99985
 0.99995 0.99991 0.99985 0.99986 0.99980 0.99990 0.99992 0.99983

 sigma/sqrt(N)
    0.05    0.03    0.00    0.00    0.03    0.00    0.02    0.02    0.01    0.01    0.01    0.00    0.01    0.01    0.01    0.01    0.01    0.01    0.01    0.02    0.02    0.00    0.02    0.03
    0.03    0.03    0.00    0.00    0.02    0.02    0.02    0.11    0.01    0.01    0.01    0.03    0.01    0.01    0.01    0.01    0.01    0.01    0.01    0.01    0.02    0.02    0.02    0.02
    0.03    0.03    0.00    0.00    0.02    0.01    0.02    0.00    0.01    0.01    0.01    0.01    0.01    0.01    0.01    0.01    0.01    0.11    0.01    0.01    0.01    0.01    0.03    0.02
    0.03    0.02    0.02    0.00    0.02    0.01    0.00    0.05    0.01    0.01    0.01    0.01    0.01    0.01    0.01    0.00    0.01    0.01    0.01    0.01    0.01    0.01    0.01    0.02
    0.17    0.02    0.02    0.00    0.02    0.01    0.01    0.00    0.01    0.01    0.01    0.00    0.01    0.00    0.01    0.01    0.01    0.01    0.01    0.01    0.01    0.01    0.01    0.02
    0.02    0.02    0.02    0.02    0.01    0.01    0.01    0.16    0.02    0.01    0.01    0.01    0.01    0.00    0.01    0.00    0.00    0.01    0.01    0.01    0.01    0.01    0.01    0.02
    0.01    0.01    0.01    0.01    0.04    0.00    0.01    0.00    0.01    0.00    0.01    0.00    0.00    0.00    0.02    0.01    0.00    0.00    0.01    0.01    0.01    0.01    0.01    0.02
    0.02    0.41    0.01    0.03    0.01    0.02    0.08    0.13    0.01    0.00    0.00    0.00    0.00    0.00    0.00    0.00    0.01    0.01    0.01    0.01    0.01    0.01    0.01    0.01
    0.00    0.01    0.01    0.01    0.01    0.01    0.00    0.00    0.00    0.00    0.00    0.00    0.00    0.00    0.00    0.00    0.00    0.01    0.01    0.01    0.01    0.01    0.01    0.01
    0.01    0.01    0.01    0.01    0.01    0.01    0.00    0.00    0.00    0.00    0.00    0.00    0.00    0.00    0.00    0.00    0.00    0.01    0.01    0.01    0.01    0.01    0.01    0.01
    0.01    0.01    0.01    0.01    0.01    0.01    0.00    0.00    0.00    0.00    0.00    0.00    0.00    0.00    0.00    0.00    0.00    0.00    0.01    0.01    0.01    0.01    0.01    0.01
    0.01    0.01    0.01    0.01    0.01    0.00    0.00    0.00    0.00    0.00    0.00    0.00    0.00    0.00    0.00    0.00    0.00    0.00    0.01    0.01    0.01    0.01    0.01    0.01
    0.01    0.01    0.01    0.01    0.01    0.00    0.00    0.00    0.00    0.01    0.00    0.00    0.00    0.00    0.00    0.00    0.00    0.00    0.01    0.01    0.01    0.01    0.01    0.01
    0.01    0.01    0.02    0.01    0.01    0.00    0.00    0.00    0.00    0.00    0.00    0.00    0.00    0.00    0.00    0.00    0.00    0.00    0.01    0.01    0.01    0.01    0.01    0.01
    0.01    0.01    0.01    0.01    0.01    0.00    0.00    0.00    0.00    0.00    0.00    0.00    0.00    0.00    0.00    0.00    0.00    0.00    0.00    0.00    0.01    0.01    0.01    0.01
    0.01    0.01    0.01    0.01    0.01    0.01    0.01    0.00    0.00    0.00    0.00    0.00    0.00    0.00    0.00    0.00    0.00    0.00    0.00    0.01    0.01    0.01    0.01    0.01
    0.01    0.01    0.01    0.01    0.01    0.01    0.01    0.00    0.00    0.00    0.00    0.00    0.00    0.00    0.00    0.00    0.00    0.01    0.00    0.01    0.01    0.01    0.01    0.01
    0.01    0.01    0.01    0.01    0.01    0.01    0.01    0.00    0.00    0.00    0.00    0.00    0.00    0.00    0.01    0.00    0.00    0.00    0.01    0.01    0.01    0.01    0.02    0.01
    0.01    0.01    0.01    0.01    0.01    0.01    0.00    0.01    0.01    0.01    0.00    0.00    0.00    0.01    0.00    0.00    0.01    0.01    0.00    0.01    0.01    0.01    0.01    0.00
    0.01    0.01    0.02    0.01    0.01    0.01    0.01    0.01    0.01    0.01    0.01    0.01    0.01    0.00    0.01    0.01    0.01    0.00    0.01    0.01    0.01    0.01    0.01    0.03
    0.02    0.02    0.01    0.01    0.01    0.01    0.01    0.01    0.01    0.01    0.01    0.00    0.01    0.01    0.01    0.01    0.01    0.01    0.01    0.01    0.01    0.01    0.02    0.03
    0.02    0.02    0.02    0.02    0.01    0.01    0.01    0.01    0.01    0.01    0.01    0.01    0.01    0.01    0.01    0.01    0.01    0.01    0.01    0.01    0.01    0.02    0.00    0.03
    0.02    0.02    0.02    0.02    0.01    0.01    0.01    0.01    0.01    0.01    0.01    0.01    0.01    0.03    0.01    0.01    0.01    0.02    0.01    0.01    0.02    0.02    0.02    0.03
    0.02    0.02    0.02    0.02    0.02    0.02    0.00    0.02    0.01    0.01    0.01    0.01    0.01    0.01    0.01    0.01    0.01    0.01    0.01    0.02    0.02    0.03    0.03    0.08
    0.01    0.01    0.01    0.01    0.01    0.01    0.01    0.03
    0.01    0.01    0.00    0.00    0.00    0.00    0.00    0.01
    0.01    0.00    0.00    0.00    0.00    0.00    0.00    0.00
    0.01    0.00    0.00    0.00    0.00    0.00    0.00    0.00
    0.01    0.00    0.00    0.00    0.00    0.00    0.00    0.00
    0.01    0.00    0.00    0.00    0.00    0.00    0.00    0.01
    0.01    0.00    0.00    0.00    0.00    0.00    0.00    0.01
    0.01    0.01    0.01    0.01    0.00    0.01    0.01    0.01

