0
1
2
3
4
5
8
12
13
14
15
16
21
24
25
26
27
29
30
31
36
37
38
39
41
42
43
44
45
46
49
50
51
52
53
54
55
60
61
63
65
66
68
69
75
76
79
84
85
87
92
96
99
100
101
103
107
108
109
110
112
113
117
118
127
130
132
133
134
135
137
141
147
148
149
151
158
160
169
170
171
172
173
174
175
180
182
184
185
192
195
205
222
228
234
248
250
251
252
253
271
274
275
276
277
295
298
299
300
301
302
303
306
314
318
319
320
321
322
323
324
325
341
345
348
363
373
375
378
395
415
444
446
450
452
454
457
467
469
473
474
481
497
502
549
552
553
555
558
573
575
581
583
595
608
612
615
629
639
