0 -8.733958
1 -5.638551
2 -0.132634
3 -2.268679
4 -2.244150
5 0.023000
6 -5.288912
7 -3.153978
8 -3.332268
9 -4.422543
10 -3.273828
11 -3.930826
12 -3.720953
13 -3.847844
14 -3.231400
15 -2.699445
16 -2.343054
17 -0.038278
18 -0.998008
19 -0.391589
20 -0.402015
21 1.849990
22 1.479332
23 -6.230836
24 -7.011633
25 3.397048
26 6.254826
27 6.394021
28 4.220933
29 -0.530232
30 1.135652
31 3.731787
32 2.624466
33 1.856185
34 3.472253
35 2.368156
36 3.065513
37 3.042785
38 3.235939
39 4.568328
40 6.016447
41 5.833314
42 7.691494
43 4.349168
44 6.931004
45 8.976519
46 7.316921
47 0.243359
48 -2.075644
49 4.294290
50 6.332627
51 5.456873
52 3.379823
53 3.063324
54 2.607154
55 2.179735
56 2.228108
57 2.601436
58 1.503199
59 2.708486
60 2.310323
61 2.848396
62 4.043036
63 5.442217
64 6.965728
65 5.687357
66 8.290120
67 7.190745
68 5.273321
69 4.315560
70 0.023000
71 -1.156123
72 -2.634994
73 2.272054
74 0.023000
75 -1.935978
76 0.023000
77 -0.723993
78 0.023000
79 0.491437
80 2.663123
81 1.758896
82 1.413481
83 0.659045
84 1.775214
85 3.110421
86 5.381966
87 6.471202
88 7.014669
89 6.718680
90 6.472748
91 7.603217
92 8.164161
93 6.215327
94 3.448901
95 -1.004535
96 -3.885189
97 4.060609
98 0.456527
99 2.164660
100 2.896035
101 2.773290
102 0.325502
103 2.700237
104 2.251790
105 1.289917
106 2.427163
107 0.023000
108 2.723612
109 3.808460
110 4.893315
111 6.226440
112 6.631332
113 7.356269
114 7.239775
115 8.066341
116 8.278458
117 7.974621
118 8.035182
119 0.132952
120 -1.793822
121 4.483542
122 1.551184
123 0.023000
124 1.933344
125 4.032415
126 2.810756
127 2.665635
128 0.840913
129 4.017315
130 2.211260
131 -2.751103
132 3.247341
133 5.149465
134 4.698962
135 2.388880
136 0.023000
137 6.379853
138 7.547800
139 6.173050
140 8.020526
141 8.227526
142 5.782941
143 -0.378363
144 -3.156292
145 2.854859
146 1.088392
147 -0.771372
148 1.253502
149 0.023000
150 0.249815
151 3.581514
152 2.584238
153 0.598344
154 0.684721
155 -0.007047
156 -0.236537
157 3.488614
158 3.810507
159 4.895445
160 1.914133
161 5.627709
162 7.719104
163 6.729379
164 5.282573
165 6.336314
166 0.178810
167 0.023000
168 -3.616780
169 2.419658
170 1.166868
171 1.636215
172 -0.149844
173 0.023000
174 -0.000268
175 2.719295
176 1.154510
177 -0.401426
178 0.225575
179 -2.167903
180 0.294416
181 1.815869
182 2.038706
183 0.664209
184 3.865143
185 5.205639
186 5.863681
187 6.500808
188 5.126209
189 4.419326
190 4.864482
191 -3.446867
192 -3.470527
193 2.431520
194 1.085669
195 1.339534
196 0.773744
197 -0.771219
198 3.227421
199 3.441931
200 -1.011078
201 0.160445
202 -0.868541
203 -0.538769
204 -0.891143
205 0.303992
206 -0.475034
207 0.458468
208 0.226180
209 3.300160
210 4.161953
211 5.078782
212 4.644222
213 3.692066
214 4.823515
215 -1.740204
216 -4.945168
217 1.049242
218 1.750327
219 2.585617
220 0.995315
221 0.907707
222 1.718610
223 1.458141
224 -1.810441
225 -2.014986
226 -1.530017
227 -1.983138
228 -1.147763
229 -1.455821
230 -0.006144
231 0.616829
232 1.044858
233 0.428972
234 4.543384
235 3.719837
236 6.187219
237 5.116920
238 1.317094
239 -2.034663
240 -5.011896
241 1.967991
242 -2.168381
243 -0.251393
244 1.069727
245 0.740189
246 -0.802593
247 -0.358946
248 -1.181058
249 -1.773608
250 0.023000
251 0.023000
252 0.023000
253 0.023000
254 -1.736416
255 0.325342
256 1.124967
257 1.880789
258 2.236830
259 3.933710
260 5.872995
261 4.096209
262 4.356866
263 -4.197354
264 -4.794152
265 1.448539
266 -1.317850
267 -0.963339
268 1.190514
269 -0.249176
270 0.046591
271 -0.024253
272 -0.769505
273 -1.981601
274 0.023000
275 0.023000
276 0.023000
277 0.023000
278 -1.699498
279 -0.939034
280 1.034003
281 1.771327
282 1.507370
283 5.429146
284 5.578910
285 4.493933
286 4.062641
287 -4.191767
288 -3.733222
289 2.378335
290 0.876318
291 0.082106
292 0.395170
293 2.286041
294 0.206495
295 -0.959562
296 -1.623008
297 -2.352291
298 0.023000
299 0.023000
300 0.023000
301 0.023000
302 -1.122592
303 -0.571131
304 0.666704
305 0.399765
306 3.300235
307 4.393528
308 5.005360
309 5.370928
310 3.905238
311 -3.712110
312 -4.638161
313 1.797987
314 1.820580
315 0.959134
316 0.577545
317 2.882292
318 1.269711
319 -0.562941
320 -0.636673
321 -2.458616
322 0.023000
323 0.023000
324 0.023000
325 0.023000
326 -1.323325
327 -1.205790
328 1.060828
329 2.383727
330 3.097206
331 3.882214
332 6.321411
333 5.817828
334 4.900094
335 -3.222599
336 -5.268991
337 -0.639884
338 1.364407
339 0.075903
340 1.023821
341 1.074872
342 2.185168
343 -0.962357
344 -1.020977
345 -2.349121
346 -3.242457
347 -2.998247
348 -2.430097
349 -2.040545
350 -1.902623
351 0.300285
352 0.068505
353 2.370143
354 5.086552
355 4.632402
356 3.869534
357 4.636057
358 4.851126
359 -2.515393
360 -5.052418
361 0.273868
362 -0.473538
363 1.644197
364 1.213923
365 3.188740
366 2.506220
367 0.647411
368 -0.092561
369 -0.415107
370 -1.189867
371 -1.821410
372 -1.303284
373 -0.984317
374 -1.176625
375 0.485618
376 1.427546
377 2.410375
378 2.705871
379 4.218407
380 4.201785
381 3.431031
382 4.543675
383 -3.743967
384 -2.874638
385 3.769710
386 4.499324
387 3.992684
388 2.787245
389 4.203646
390 3.261703
391 2.306885
392 1.955753
393 1.288120
394 0.433387
395 -0.307038
396 -1.278083
397 -1.363000
398 -0.605048
399 1.768490
400 2.839928
401 3.311608
402 2.378283
403 3.731923
404 4.460487
405 3.957657
406 -2.266366
407 -3.784760
408 -1.547495
409 5.659642
410 4.476829
411 4.372829
412 4.946337
413 3.810493
414 5.430391
415 2.639204
416 0.930742
417 0.286320
418 1.062576
419 1.044339
420 0.270929
421 -1.838686
422 1.714684
423 2.374035
424 1.802718
425 0.215248
426 3.494819
427 3.098179
428 2.661268
429 1.596744
430 2.337410
431 -13.124960
432 0.094469
433 6.082093
434 3.871334
435 3.115843
436 4.101850
437 4.407542
438 4.604340
439 2.596343
440 0.287821
441 0.751186
442 1.056224
443 1.366446
444 -0.648716
445 2.309599
446 1.781762
447 1.674978
448 -0.758076
449 4.032612
450 2.116582
451 2.541182
452 5.002229
453 5.309897
454 -0.578946
455 0.023000
456 -0.377975
457 6.596677
458 6.012548
459 4.137872
460 4.581318
461 5.230658
462 5.270422
463 4.143409
464 2.063363
465 2.784245
466 2.086888
467 -2.270740
468 1.158666
469 1.808037
470 1.698216
471 1.522062
472 4.213261
473 4.237392
474 5.678865
475 3.629787
476 5.413676
477 4.123225
478 -1.699781
479 -6.837914
480 0.213907
481 7.079409
482 5.469799
483 3.072777
484 1.791491
485 3.599235
486 4.330664
487 2.559746
488 2.402380
489 2.016559
490 0.127083
491 0.023000
492 -3.210568
493 1.709914
494 3.494986
495 0.499895
496 2.807393
497 4.815702
498 4.960651
499 4.947112
500 2.884917
501 1.127204
502 -1.189460
503 0.023000
504 -0.672264
505 7.333409
506 6.604233
507 5.036427
508 1.594613
509 3.052754
510 2.298373
511 0.149457
512 1.895029
513 2.020479
514 0.887544
515 -0.587111
516 1.225971
517 1.949048
518 0.016199
519 0.498754
520 2.228451
521 0.952409
522 4.717729
523 4.336183
524 3.695058
525 5.957135
526 2.409227
527 -0.962158
528 0.579899
529 6.721498
530 5.104728
531 5.192687
532 4.331676
533 2.549205
534 3.679015
535 -0.709518
536 -0.381268
537 -0.055524
538 -0.821131
539 0.759261
540 -1.754223
541 -1.181890
542 -0.705866
543 -0.215820
544 -2.775213
545 4.352677
546 4.494920
547 2.383549
548 1.604227
549 4.090564
550 5.335408
551 -1.106121
552 -5.749132
553 0.158460
554 -0.711687
555 -2.078312
556 -1.679417
557 -1.018201
558 -3.539454
559 -3.713221
560 -5.717348
561 -5.708900
562 -5.470358
563 -6.424666
564 -5.853846
565 -6.902585
566 -5.969358
567 -6.112739
568 -3.633340
569 -6.056555
570 -3.526623
571 -4.184441
572 -3.366044
573 -2.525234
574 -1.677450
575 -7.354102
576 -2.106015
577 -3.930181
578 -3.950477
579 -4.237721
580 -3.232711
581 -3.904586
582 -2.619281
583 -2.688083
584 -3.696863
585 -4.508780
586 -4.851812
587 -4.772204
588 -5.176384
589 -5.416620
590 -4.598758
591 -3.637353
592 -3.472893
593 -4.882575
594 -4.981234
595 -4.633563
596 -4.450018
597 -4.878563
598 -4.622348
599 -3.362472
600 -4.591954
601 -4.644971
602 -4.565779
603 -4.836150
604 -4.609654
605 -4.734599
606 -4.790878
607 -3.180387
608 -4.633206
609 -4.455347
610 -4.550979
611 -4.871456
612 -4.774969
613 -4.872502
614 -5.047813
615 -2.553296
616 -5.193203
617 -4.954730
618 -4.881518
619 -5.170850
620 -5.252233
621 -5.486009
622 -4.786460
623 -2.522251
624 -4.295608
625 -4.871535
626 -4.908621
627 -5.100513
628 -5.411205
629 -5.406245
630 -5.133832
631 -2.625614
632 -4.061318
633 -4.717856
634 -4.659607
635 -4.237415
636 -3.953158
637 -4.294304
638 -2.982277
639 -3.361701
