0
1
2
3
4
5
6
7
8
12
13
14
18
19
20
21
22
24
25
26
27
28
29
30
31
33
35
36
38
41
42
43
44
45
46
48
49
50
51
52
53
54
55
60
61
62
63
65
66
67
68
69
73
74
75
76
77
78
79
83
84
85
86
87
91
92
93
96
97
98
99
100
101
103
107
108
109
110
112
116
117
118
120
121
122
123
124
125
127
128
132
133
134
135
137
141
144
145
146
147
148
149
151
153
156
157
158
169
170
171
172
173
174
175
180
181
182
192
195
206
223
228
234
241
250
251
252
253
257
269
274
275
276
277
295
297
298
299
300
301
303
306
314
319
320
321
322
323
324
325
345
348
362
373
375
402
449
450
452
456
457
463
468
470
473
480
481
482
497
503
504
506
507
514
526
527
528
538
545
550
551
552
553
554
558
559
573
574
575
586
588
598
615
