 delta for calibr coefs, delta=-1+mpi0t*weight/mpi0r
 0.00060 0.00024 0.00000 0.05354 0.00242 0.00000-0.00580-0.01889 0.00000-0.00122 0.00195 0.00553 0.00553 0.00143 0.00624-0.00320-0.00928 0.00458 0.00008-0.00141-0.00041 0.00000 0.00529-0.00480
-0.00575 0.00090 0.00000 0.05372 0.00584 0.00752 0.00242 0.00553-0.01195-0.00088-0.01022 0.00093-0.00408 0.00000 0.00403-0.00698-0.00044 0.00000-0.00268-0.01199-0.00414 0.00059-0.00685-0.00153
 0.00243 0.00067 0.05413 0.05439 0.00815 0.00000 0.00177 0.00000-0.00181-0.00371 0.00306 0.00564-0.01718-0.11345 0.00078 0.01564 0.00247 0.00000-0.01403-0.02590-0.00756-0.01640-0.04465 0.00210
 0.00435 0.00435 0.02762 0.00000 0.00379 0.00433 0.01177 0.01224 0.00391 0.00369 0.00621 0.00797-0.02315-0.10885 0.01210 0.00754 0.00157 0.00282-0.02547-0.02130-0.00456-0.00615 0.00189-0.01020
 0.00670-0.00425-0.02301 0.00000 0.00260-0.00278 0.00656 0.00000-0.00170 0.00242 0.00690 0.00000-0.01472-0.00191-0.09034 0.00073 0.00000 0.00000-0.01797-0.02245-0.00187-0.01983 0.00149-0.00807
 0.00252-0.00189-0.02786-0.01233-0.00550-0.02856 0.00799 0.00000 0.01859 0.00874 0.00472 0.02396 0.00000 0.00000 0.01661 0.00524 0.00928 0.00000 0.00801-0.00340 0.00132-0.00435-0.00213 0.00150
 0.00037 0.00037-0.00384 0.00864 0.00849 0.00000 0.01006 0.00000 0.00217 0.00127 0.00104 0.01273 0.00715 0.00774 0.02788 0.00576-0.00244-0.00526-0.00186-0.01925-0.00100-0.00077-0.00232 0.00280
 0.00096 0.00000 0.01644 0.00059 0.00569 0.00000 0.00000 0.00000-0.00751-0.00077 0.00250-0.00136 0.00000 0.01029 0.00000 0.00071-0.00333-0.00207-0.00060 0.00119 0.00318 0.00249-0.00124-0.01122
 0.01774 0.00706 0.00329 0.00424 0.01247 0.01961 0.01066 0.00613 0.00172 0.00699 0.00126-0.00275 0.00205 0.00542 0.00533-0.00159 0.00104-0.00321 0.00534-0.00372-0.00122-0.02103 0.00119-0.01759
 0.00768 0.00496 0.00518 0.00153 0.00147 0.00793 0.00000 0.00836 0.00928 0.00098 0.00239 0.00509 0.00058 0.00072 0.00729-0.00212-0.00279-0.01747 0.01262-0.00103-0.00308-0.01525-0.01487-0.01419
-0.00063 0.00236-0.00188-0.00214 0.00748 0.00310 0.00869 0.00320 0.00344 0.00431 0.00000 0.00000 0.00000 0.00000 0.00259-0.00067-0.02327 0.00944 0.02281 0.00032-0.00301-0.00431-0.00198 0.00295
 0.00453 0.00473 0.00135 0.00055 0.00569 0.00425 0.00493 0.00439 0.00874 0.00564 0.00000 0.00000 0.00000 0.00000-0.00229-0.00042 0.00211 0.00645 0.00757 0.00586 0.00518-0.00392-0.01626 0.00230
 0.00594 0.00719 0.01739 0.00322 0.00593 0.00597 0.00777 0.00556 0.01115 0.04971 0.00000 0.00000 0.00000 0.00000 0.00348 0.00388 0.00091 0.01165 0.00000 0.00984-0.00196-0.01172-0.00720 0.00496
 0.00488 0.00635 0.01622-0.00978-0.01777-0.01461 0.00509 0.00782 0.00541 0.05456 0.00000 0.00000 0.00000 0.00000 0.00864 0.00836 0.00252 0.00668 0.01096 0.00304 0.00377-0.00102 0.00070 0.00478
 0.00472 0.00213 0.00554 0.00404 0.00579 0.00175 0.00187 0.00447 0.01751 0.02759 0.01264 0.00564 0.00357 0.00541 0.00651 0.00244 0.00123 0.00234 0.00574 0.00207 0.00024-0.00262-0.00073 0.00433
 0.00281 0.00784-0.00925-0.00592-0.01130-0.02426 0.00476 0.01477-0.03416 0.00888 0.00884 0.00243 0.00635 0.00620-0.00528 0.00000 0.00544 0.00351 0.00394 0.00269 0.00562 0.00391 0.00069 0.00182
 0.00363 0.00313-0.00793-0.02944-0.01072-0.01374 0.00706 0.01475 0.01416 0.00622 0.00707 0.00632 0.00886 0.00620 0.00110 0.00149 0.00087-0.00016-0.00178 0.00515 0.00215 0.00228-0.00134 0.00436
 0.00952 0.01501 0.00649 0.00134-0.00151 0.00705 0.01146 0.02780 0.00859 0.00491 0.00858 0.01246 0.00655 0.00701 0.00399-0.00015 0.00500 0.00175 0.00197 0.00413 0.00655 0.00017 0.00302 0.01662
 0.00836 0.00661 0.00454 0.00236 0.00564 0.00447 0.00942-0.00544 0.00539 0.00449 0.02706 0.01142 0.00771 0.00480 0.01129 0.00352 0.00470 0.00497 0.00000 0.00252-0.00281 0.00512 0.00000 0.00999
 0.00320 0.00115 0.00000-0.00112 0.00013 0.00376 0.00591 0.00275 0.00658 0.00718 0.01035 0.00729 0.00600 0.00435 0.00543-0.00082 0.00086 0.00161 0.00500 0.00110 0.00696-0.00025-0.00277 0.04866
 0.00118 0.01019 0.00918 0.02426 0.00624 0.00511 0.00614 0.01017 0.00371 0.00399 0.00292 0.00828 0.00491 0.00658 0.00538-0.00315-0.00122 0.00408 0.00268-0.00107 0.00376 0.00038-0.02469 0.00291
 0.00162 0.00136 0.00721 0.00156 0.00368 0.00525 0.00477 0.00832 0.00460 0.00245-0.02378 0.00635-0.01288 0.00441-0.01771 0.00005 0.00246-0.00121 0.00124-0.00315 0.00592-0.00077-0.00144 0.01112
 0.00002 0.00018 0.00437 0.00972 0.00372 0.00169-0.00026-0.00081 0.00089 0.00522 0.00577 0.00872 0.00465 0.00009-0.00177-0.00468-0.00418-0.00026-0.00619-0.00565 0.00122 0.00348-0.00061 0.02714
 0.00755-0.00357 0.00247 0.00478 0.00276 0.00567 0.00000 0.00854 0.00266 0.00050 0.00101 0.00857 0.00384 0.00693 0.00120 0.00695 0.00109 0.00340-0.00160 0.00354 0.00931 0.00716-0.00179 0.02366
 0.02680 0.03585-0.00021 0.00047-0.00152-0.00213 0.01979-0.00591
 0.02772 0.03947 0.00392 0.00732 0.00294 0.00226 0.01213-0.00141
 0.02267 0.02150 0.00539 0.00043 0.00660 0.01070-0.00018-0.00117
 0.01527 0.01668 0.00209-0.00282-0.00399 0.00036-0.00182-0.00047
 0.01478 0.00951-0.00062-0.00477-0.00630-0.00412-0.00013-0.00317
 0.02025 0.00978-0.00224-0.00158 0.00036 0.01159 0.00335 0.02413
 0.01554-0.00131 0.00295 0.00056 0.00835 0.00187 0.05316-0.00972
 0.00279 0.04815 0.00321-0.00042-0.00951-0.00813 0.01327 0.04791

 weights, W=(weight1+weight2+...)
****************    0.00 1953.39********    0.00****************    0.00************************************************************************************************    0.00****************
****************    0.00 2476.73************************ 4173.68****************************************    0.00************************    0.00************************************************
********80127.23 1996.95 2792.17********    0.00********    0.00****************************************41905.16************************    0.00********************************48135.34********
****************83044.92    0.00************************93484.08******************************** 2586.7365465.34********************************************************************************
 1117.9178349.00********    0.00************************    0.00************************    0.00****************   44.36********    0.00    0.00************************************************
********************************************************    0.00 5030.00************************    0.00    0.00************************    0.00************************************************
********************************70777.34    0.00********    0.00************************************************ 1326.38************************************************************************
********    0.0012649.67****************    0.00    0.00    0.00********************************    0.00********    0.00************************************************************************
  173.92****************************************************************************************************************************************************************************************
************************************************    0.00****************************************************************************************************************************************
********************************************************************************    0.00    0.00    0.00    0.00********************************************************************************
********************************************************************************    0.00    0.00    0.00    0.00********************************************************************************
************************************************************************12091.11    0.00    0.00    0.00    0.00********************************    0.00****************************************
****************34958.26********************************************************    0.00    0.00    0.00    0.00********************************************************************************
************************************************************************88503.00****************************************************************************************************************
**************************************************************** 6396.89************************************************    0.00****************************************************************
************************************************************************************************************************************************************************************************
************************************************************************************************************************************************************************************************
************************************************************************************************************************************************    0.00********13243.73********    0.00********
****************    0.00****************************************************************************************************************************************************************28673.03
************************************************************************************************************************************************************************************************
************************90802.55********************************************************************************************************************************************************55889.95
****************************************************************************************************************************************************************************************20677.03
************************************************    0.00****************************************************************************************************************82969.16******** 3594.69
13715.9044056.0826159.7827285.2343608.7438528.6818522.78 6039.89
 9460.57************************************************29910.60
46472.35************************************************51693.88
66683.96************************************************64506.97
82274.39************************************************50571.27
81973.4855242.82********************************61996.47  146.82
  873.77****************************************86485.7769531.95
44754.1623893.7421858.4524979.9668369.9769761.2748048.5421824.84

 D, D=(weight1**2+weight2**2+...)
  615.25  599.43    0.01    3.05  909.59    0.00  877.71 2568.14    0.00 1133.33 1112.05  987.62 1084.79 1188.64 1118.33  980.21 1075.22  932.92  882.43  689.42  802.14    0.00  583.64  576.73
  636.47  511.59    0.00    4.92  941.47  987.33  628.03    1.67 1761.03  887.48 1028.79 1289.25 1003.08    0.00  934.28  958.81  880.06    0.00  671.90  678.69  685.57  614.27  530.77  647.17
  702.68  408.82    3.25    6.28  864.05    0.00 1128.33    0.02  759.81 1123.56 1332.32 1088.76 1646.10   42.40 1180.34 1060.22 1187.60    0.00 2469.60  735.81  674.45  725.46  273.61  696.45
  822.80  723.14  534.87    0.00 1288.41 1281.69 1099.22  754.88 1448.99 1476.09 1631.99 1313.31    1.12   79.37 1561.62 1343.02 1443.47 1335.53  754.62  964.80  781.60  705.03  612.13  947.68
    2.34  495.11 1022.74    0.0913741.33 2548.26 1440.19    0.00 1994.94 2029.00 1957.64    0.0010623.04  905.49    0.02 1775.79    0.00    0.00 1440.74 1116.83  903.32  967.23  671.42  983.25
 1198.95  872.21  833.98 1189.82  825.28 1691.74 1729.13    0.00    6.41 2292.37 2485.32 1301.00    0.00    0.00 1918.05 2159.10 2186.99    0.00 1507.31 1206.61 1005.30  981.91  839.53  997.02
 1333.86  902.43 1003.57  869.31  516.30    0.00 1745.79    0.00 3146.96 3133.77 3219.82 1985.18 8052.71 1243.83    0.52 2653.94 2442.51 2208.26 1672.43 1585.87 1174.89 1066.42  996.49  836.05
 1592.12    0.00   22.14  858.08  923.96    0.00    0.00    0.00 3380.90 3748.63 3697.76 3409.21    0.00 3842.16    0.02 3520.26 2650.24 2448.97 2100.50 1615.18 1399.82 1153.04  943.11 1428.58
    0.11 1277.26 1481.78 1636.70 1485.00 1121.11 2284.62 3280.25 4005.78 3812.66 4494.06 5192.00 5249.65 4752.82 5043.70 3603.99 3265.70 2847.73 2377.37 1951.98 1597.29 1587.93  966.01 1632.34
 1623.38 1219.19 1486.68 1680.75 2222.86 2456.72    0.00 3699.39 3957.35 4992.85 5661.28 6761.90 6467.80 6758.63 5272.85 4540.30 4031.59 3384.82 8428.41 2125.41 1636.91 1553.78 1292.36 1330.29
 1887.20 1055.77 1415.65 2054.08 2332.91 2707.05 3369.75 3631.39 4690.18 6830.65    0.00    0.00    0.00    0.00 6510.33 4905.75 4672.52 3600.27 2788.74 2426.40 1788.56 1519.30 1058.30 1601.40
 1939.60 1309.29 1453.52 2136.63 2545.81 2851.71 3183.20 4104.92 5640.82 9476.08    0.00    0.00    0.00    0.00 8530.00 5856.73 4705.60 3383.99 2489.95 2152.39 1969.27 1549.47 1329.02 1566.48
 1991.30 1318.99 1285.32 1408.21 2633.04 2621.43 3258.41 4581.32 6867.07   95.67    0.00    0.00    0.00    0.00 9275.55 6248.05 4937.47 2390.61    0.00 1786.85 1870.07 1612.98 1230.91 1505.26
 1954.38 1045.03  264.57 1433.34 2648.49 2897.32 3238.36 4957.01 4891.36 8762.21    0.00    0.00    0.00    0.00 7636.58 5994.84 4284.32 3521.04 2105.24 2331.86 1698.18 1536.03 1190.59 1541.30
 1780.07 1475.59 1347.86 1993.14 2237.05 2706.68 3280.54 4369.81 5849.85  707.73 6350.96 8541.58 8743.05 8462.25 6670.98 6233.54 4953.96 3389.42 2812.71 2332.85 1910.10 1475.81 1273.87 1492.39
 1826.02 1174.51 3886.23 2080.22 2441.75 2775.91 3022.35 3919.96   12.99 5214.56 5815.94 5662.19 6470.48 4589.22 6431.87    0.00 4059.51 3280.34 2480.48 2056.45 1751.50 1381.28 1031.87 1452.91
 1545.39  885.43 2637.31 1282.97 1906.67 2400.79 2438.81 3289.47 4170.81 4542.97 4394.95 4561.53 4590.55 5807.76 4786.87 4067.31 3408.50 2530.50 2553.76 2036.50 1645.48 1214.57 1082.05 1388.36
 1381.17  856.82 1034.14 1458.44 1648.76 2015.23 2360.42 2257.19 3331.40 3641.14 3840.63 3819.96 3964.16 4049.93 3561.09 3450.47 2851.47 2619.28 2114.81 1919.18 1545.28 1275.31  964.82  635.77
 1036.20  936.01 1180.63 1399.09 1519.24 1822.13 2057.16 2570.15 2594.76 3029.48 3096.87 3439.62 3839.78 3234.52 3177.60 2657.62 2155.69 1909.44    0.00 1998.67   88.12 1381.56    0.00 1489.13
 1012.31  880.87    0.00 1155.58 1380.83 1583.74 1816.80 2009.90 2403.25 2648.29 2881.67 2882.03 2617.39 2966.45 2528.76 2240.18 2071.59 2048.73 1606.64 1490.68 1159.52 1026.32  974.04  134.06
  967.08  693.88  883.23  996.97 1177.36 1346.33 1570.71 1717.11 2056.14 2237.54 2274.36 2150.21 2447.53 2216.92 1867.56 1922.48 1601.65 1496.14 1261.91 1067.96  956.92  808.51  832.62  826.08
  818.41  818.47  969.11  612.42 1380.71 1386.64 1519.34 1778.75 1855.39 1959.48 2263.26 2076.51 1807.68 1764.02 2265.76 1753.21 1183.60 1410.34 1396.31 1206.62  994.82  876.20  853.51  136.30
  705.33  665.45  839.91 1013.66  995.68 1168.89 1448.32 1302.36 1531.10 1707.40 1595.67 1592.77 1711.74 1638.38 1462.07 1469.89 1423.81 1137.62 1111.01 1018.97  754.72  743.59  718.69   47.02
  748.01  763.10  822.19  932.05 1011.63 1299.90    0.00 1409.36 1489.08 1535.60 1596.66 1625.43 1579.61 1622.12 1620.67 1453.15 1234.23 1161.35 1124.61 1015.10  742.40  504.05  723.89    9.79
   49.09  121.42   76.69   82.98  161.32  131.85   63.10   20.47
   12.14  300.33  752.44  825.89 1131.83 1221.37  617.65   92.74
  120.31  437.74 1743.20 1691.31 1629.75 1670.70 1281.14  167.65
  155.38  177.13 2157.85 2252.32 1998.00 1944.51 1458.90  217.51
  191.99 1393.22 2274.11 2360.75 2346.46 2237.38 1364.58  155.18
  256.22   58.92 1972.41 2047.54 2325.41 1976.86  158.47    0.03
    0.08  948.91  907.74  977.13 1231.38 1854.52  291.50  429.07
  200.89   46.40   47.31   76.13  230.00  276.21  207.85  189.42

 statistika, N:
    1820    2013       1      84    1369       1    2855    3212       0    2897    2987    1826    4307    4081    4925    3360    3434    1886    3063    2391    2550       0    1898    1278
    2403    2552       0      82    2011    2151    3000     700    2146    3824    2165    6264    5494       0    6351    4777    2949       0    2180    3790    3340    2355    2600    1760
    1868    1328      80      83    1629       0    2137       1    1914    2710    3885    3530    4324    1823    5449    7052    4164       0    4653    4443    4115    3739     477    1554
    1702    2081     982       0    4021    2332    2236     686    3142    3707    4869    3651     530    2401    4660   10390    5104    3353    3157    5018    4006    3976    3135    2743
      64     767    1519       1   14607    5244    2594       0    3079    5914    5346       0   13013    4610       7    5457       1       0    4099    4693    5971    7153    3171    2680
    2749    2619    1804    1932    2963    4090    4021       0    2720    4662    6556    3280       0       0    8044   12121    5587       1    4977    6255    4217    5193    3980    2535
    4217    2705    2099    2292     597       0    2756       0    5654    7521    8291    6951   10888    6206    1683    7307   13123   10159    6890   11311    7856    4706    3612    1585
    2412       0     561     947    1663       0       5       0    6602   12202   12341    9026       0   11895       4    9414    6996    8513    8013    6734    6059    4338    3274    4863
      24    3257    4975    3897    4308    4635    7675   10621   14246   11365   21624   24385   19940   17406   18618   12082   10385    8077    9337    8058    7513    8557    4285    4578
    3721    4306    4076    4204    7615    7355       1    9119   11085   20904   19355   31625   22656   34379   21416   20466   17400    8875    8681    7426    5643    7769    5559    2784
    5155    2894    3357    5451    8102   12222   11857   15224   21566   26398       0       0       0       0   26487   17662   14654    9113    8159    8542    6461    8042    4287    4735
    5832    4130    3318    4899    8556   11587   13693   15369   24531   23165       0       0       0       0   29813   21707   15700   11846    8043    6913   11029   10585    6621    5523
    4653    5880    2596    2283    9318   10968   10223   16205   23152      98       0       0       0       0   34187   24639   16064   12666       0    6674    8774    8792    6902    4336
    4586    4132     281   13611   12573   12735   12615   15544    7130   15048       0       0       0       0   30322   25778   10384   10930    7993    9445    5871    9555    6450    5067
    3380    3965   12723   13755    5824   16104   12015   15154   10896     677   16151   34906   32992   24631   17837   16765   20313   11899   10540   11911    9852    8795    6537    5643
    3348    2402   13638   12327    7392   10191    9714    9126     457   11083   20158   20027   35442    8025   15142       0   10408   11500   13353    7760    6711    5377    3951    5561
    3895    4159    7699    5066    9707    9598    9084   13044   13834   19290   23235   19968   14795   19016   20435   16675   13407    9248   15217    8075    6147    4907    6388    5755
    4803    3561    4808    6440    5371    8275    8240   11606   11232   13634   15592   14644   10641   11716    9051   16294   15096   13013    5685    6076    5547    4916    1833    1411
    3170    3226    3388    5322    5906    7404   11175    7629    6806    8797   12258   12501   16728    9756   12057   10676    7134    4369       0    3711     123    3202       0    2612
    3993    3091       0    3376    4542    6005    7663    5544    7985    9384    9571    9768    6196   11122    9055   10331   11604   13886    4451    5844    3980    4741    3114     582
    3126    2879    3233    3496    4981    6516    7221    7912    7871    9046   10542    7653    9874    9701    6197   11914    6779   11850    6704    3865    4482    3204    4647    2549
    3553    3362    2786    1227    4301    4218    4829    5500    5512    6105    6188    9901    3551    8875    9866    6171    4663    6131    8880    5462    3083    1759    2824    2435
    2128    2838    3348    3215    3340    4151    3383    3316    6231    6019    6471    5936    6261    6221    4581    5638    6197    4531    5005    5269    2932    3081    2518    1305
    2125    2208    2125    2629    2811    2589       0    3737    3700    3186    3726    4661    3318    4090    3626    3661    2976    4009    4330    3047    1587    1101    1487     188
     374    1989    2720    2219    2209    2309     889     219
    1180    4675    6048    7882    9608   10441    4250    2669
    2217    7742   14131   13992   10346   14079    8039    3428
    3628   11329   19741   24380   19527   17463   14836    3066
    3932   11133   15258   26020   20441   20797   12249    2821
    3064    8831   12728   18823   21751   16526    4432     334
    1568    5306    8043    8467    9373   23262    4753    1377
     968    1892    2435    1454    4929    2551    1489     180

 sigma, sigma=sqrt(D-W**2)/W
 0.99995 0.99995 0.00000 0.99997 0.99997 0.00000 0.99995 0.99997 0.00000 0.99995 0.99995 0.99997 0.99994 0.99994 0.99993 0.99995 0.99995 0.99996 0.99995 0.99995 0.99995 0.00000 0.99995 0.99996
 0.99995 0.99994 0.00000 0.99997 0.99996 0.99996 0.99994 0.99997 0.99997 0.99994 0.99997 0.99993 0.99994 0.00000 0.99992 0.99994 0.99996 0.00000 0.99996 0.99995 0.99995 0.99995 0.99995 0.99996
 0.99996 0.99996 0.99997 0.99997 0.99996 0.00000 0.99996 0.00000 0.99996 0.99996 0.99995 0.99996 0.99995 0.99998 0.99994 0.99992 0.99995 0.00000 0.99996 0.99994 0.99994 0.99994 0.99997 0.99996
 0.99996 0.99996 0.99996 0.00000 0.99994 0.99996 0.99996 0.99997 0.99996 0.99996 0.99995 0.99995 0.99996 0.99998 0.99995 0.99991 0.99995 0.99995 0.99996 0.99994 0.99995 0.99994 0.99994 0.99995
 0.99994 0.99997 0.99997 0.00000 0.99997 0.99996 0.99996 0.00000 0.99997 0.99995 0.99995 0.00000 0.99997 0.99991 0.99997 0.99995 0.00000 0.00000 0.99996 0.99995 0.99993 0.99992 0.99995 0.99996
 0.99996 0.99996 0.99996 0.99997 0.99994 0.99996 0.99996 0.00000 0.99966 0.99996 0.99995 0.99995 0.00000 0.00000 0.99991 0.99992 0.99995 0.00000 0.99995 0.99994 0.99995 0.99994 0.99995 0.99996
 0.99995 0.99996 0.99996 0.99995 0.99997 0.00000 0.99996 0.00000 0.99996 0.99996 0.99995 0.99995 0.99997 0.99992 0.99975 0.99995 0.99992 0.99993 0.99995 0.99992 0.99992 0.99995 0.99995 0.99997
 0.99997 0.00000 0.99996 0.99997 0.99996 0.00000 0.00000 0.00000 0.99996 0.99994 0.99995 0.99995 0.00000 0.99994 0.00000 0.99995 0.99996 0.99995 0.99995 0.99995 0.99995 0.99995 0.99996 0.99994
 0.99995 0.99995 0.99995 0.99996 0.99995 0.99994 0.99994 0.99995 0.99994 0.99995 0.99993 0.99993 0.99993 0.99994 0.99993 0.99995 0.99995 0.99996 0.99994 0.99994 0.99994 0.99993 0.99995 0.99995
 0.99995 0.99995 0.99996 0.99996 0.99995 0.99995 0.00000 0.99996 0.99995 0.99993 0.99994 0.99993 0.99994 0.99992 0.99994 0.99993 0.99993 0.99995 0.99997 0.99994 0.99996 0.99994 0.99995 0.99996
 0.99995 0.99996 0.99996 0.99995 0.99995 0.99994 0.99994 0.99994 0.99993 0.99994 0.00000 0.00000 0.00000 0.00000 0.99993 0.99994 0.99995 0.99996 0.99995 0.99995 0.99995 0.99993 0.99995 0.99995
 0.99994 0.99995 0.99996 0.99996 0.99995 0.99994 0.99994 0.99994 0.99993 0.99995 0.00000 0.00000 0.00000 0.00000 0.99994 0.99994 0.99994 0.99994 0.99995 0.99995 0.99993 0.99992 0.99995 0.99994
 0.99996 0.99994 0.99996 0.99997 0.99994 0.99994 0.99995 0.99994 0.99993 0.99997 0.00000 0.00000 0.00000 0.00000 0.99994 0.99994 0.99995 0.99992 0.00000 0.99994 0.99994 0.99994 0.99994 0.99995
 0.99995 0.99994 0.99997 0.99992 0.99993 0.99994 0.99994 0.99994 0.99997 0.99995 0.00000 0.00000 0.00000 0.00000 0.99993 0.99993 0.99996 0.99995 0.99995 0.99994 0.99995 0.99993 0.99994 0.99995
 0.99996 0.99996 0.99993 0.99994 0.99996 0.99992 0.99995 0.99994 0.99996 0.99997 0.99995 0.99993 0.99993 0.99994 0.99995 0.99995 0.99993 0.99995 0.99995 0.99993 0.99993 0.99993 0.99994 0.99994
 0.99996 0.99996 0.99996 0.99996 0.99995 0.99995 0.99995 0.99996 0.99993 0.99996 0.99994 0.99994 0.99991 0.99997 0.99996 0.00000 0.99995 0.99995 0.99993 0.99995 0.99995 0.99995 0.99996 0.99994
 0.99995 0.99994 0.99995 0.99995 0.99993 0.99994 0.99995 0.99994 0.99994 0.99993 0.99992 0.99993 0.99995 0.99994 0.99994 0.99993 0.99994 0.99995 0.99993 0.99995 0.99995 0.99995 0.99994 0.99993
 0.99994 0.99995 0.99994 0.99994 0.99996 0.99994 0.99995 0.99993 0.99995 0.99994 0.99994 0.99994 0.99996 0.99995 0.99996 0.99993 0.99993 0.99993 0.99996 0.99995 0.99995 0.99995 0.99997 0.99996
 0.99995 0.99995 0.99996 0.99995 0.99995 0.99994 0.99993 0.99996 0.99996 0.99995 0.99994 0.99994 0.99993 0.99995 0.99994 0.99994 0.99995 0.99996 0.00000 0.99996 0.99997 0.99996 0.00000 0.99996
 0.99994 0.99995 0.00000 0.99996 0.99996 0.99995 0.99994 0.99996 0.99995 0.99995 0.99995 0.99995 0.99996 0.99994 0.99995 0.99994 0.99993 0.99991 0.99996 0.99995 0.99995 0.99995 0.99995 0.99995
 0.99995 0.99995 0.99995 0.99995 0.99995 0.99994 0.99994 0.99994 0.99995 0.99994 0.99994 0.99995 0.99994 0.99994 0.99995 0.99992 0.99995 0.99991 0.99994 0.99996 0.99994 0.99995 0.99994 0.99996
 0.99994 0.99995 0.99996 0.99995 0.99995 0.99996 0.99995 0.99995 0.99996 0.99995 0.99996 0.99993 0.99997 0.99993 0.99994 0.99995 0.99995 0.99994 0.99992 0.99994 0.99995 0.99996 0.99995 0.99995
 0.99996 0.99995 0.99995 0.99995 0.99996 0.99995 0.99996 0.99996 0.99994 0.99995 0.99994 0.99995 0.99995 0.99995 0.99996 0.99995 0.99994 0.99995 0.99995 0.99994 0.99995 0.99995 0.99995 0.99993
 0.99995 0.99996 0.99996 0.99996 0.99996 0.99996 0.00000 0.99995 0.99996 0.99996 0.99996 0.99995 0.99996 0.99995 0.99996 0.99996 0.99996 0.99995 0.99994 0.99995 0.99996 0.99996 0.99996 0.99993
 0.99995 0.99994 0.99985 0.99988 0.99991 0.99990 0.99992 0.99994
 0.99992 0.99994 0.99992 0.99992 0.99992 0.99991 0.99993 0.99986
 0.99994 0.99994 0.99992 0.99993 0.99994 0.99993 0.99994 0.99989
 0.99994 0.99992 0.99993 0.99993 0.99993 0.99993 0.99992 0.99992
 0.99994 0.99995 0.99994 0.99993 0.99994 0.99994 0.99993 0.99991
 0.99994 0.99991 0.99994 0.99994 0.99993 0.99993 0.99991 0.99978
 0.99992 0.99995 0.99992 0.99993 0.99993 0.99992 0.99991 0.99994
 0.99995 0.99992 0.99988 0.99991 0.99988 0.99993 0.99993 0.99996

 sigma/sqrt(N)
    0.02    0.02    0.00    0.11    0.03    0.00    0.02    0.02    0.00    0.02    0.02    0.02    0.02    0.02    0.01    0.02    0.02    0.02    0.02    0.02    0.02    0.00    0.02    0.03
    0.02    0.02    0.00    0.11    0.02    0.02    0.02    0.04    0.02    0.02    0.02    0.01    0.01    0.00    0.01    0.01    0.02    0.00    0.02    0.02    0.02    0.02    0.02    0.02
    0.02    0.03    0.11    0.11    0.02    0.00    0.02    0.00    0.02    0.02    0.02    0.02    0.02    0.02    0.01    0.01    0.02    0.00    0.01    0.02    0.02    0.02    0.05    0.03
    0.02    0.02    0.03    0.00    0.02    0.02    0.02    0.04    0.02    0.02    0.01    0.02    0.04    0.02    0.01    0.01    0.01    0.02    0.02    0.01    0.02    0.02    0.02    0.02
    0.12    0.04    0.03    0.00    0.01    0.01    0.02    0.00    0.02    0.01    0.01    0.00    0.01    0.01    0.38    0.01    0.00    0.00    0.02    0.01    0.01    0.01    0.02    0.02
    0.02    0.02    0.02    0.02    0.02    0.02    0.02    0.00    0.02    0.01    0.01    0.02    0.00    0.00    0.01    0.01    0.01    0.00    0.01    0.01    0.02    0.01    0.02    0.02
    0.02    0.02    0.02    0.02    0.04    0.00    0.02    0.00    0.01    0.01    0.01    0.01    0.01    0.01    0.02    0.01    0.01    0.01    0.01    0.01    0.01    0.01    0.02    0.03
    0.02    0.00    0.04    0.03    0.02    0.00    0.00    0.00    0.01    0.01    0.01    0.01    0.00    0.01    0.00    0.01    0.01    0.01    0.01    0.01    0.01    0.02    0.02    0.01
    0.20    0.02    0.01    0.02    0.02    0.01    0.01    0.01    0.01    0.01    0.01    0.01    0.01    0.01    0.01    0.01    0.01    0.01    0.01    0.01    0.01    0.01    0.02    0.01
    0.02    0.02    0.02    0.02    0.01    0.01    0.00    0.01    0.01    0.01    0.01    0.01    0.01    0.01    0.01    0.01    0.01    0.01    0.01    0.01    0.01    0.01    0.01    0.02
    0.01    0.02    0.02    0.01    0.01    0.01    0.01    0.01    0.01    0.01    0.00    0.00    0.00    0.00    0.01    0.01    0.01    0.01    0.01    0.01    0.01    0.01    0.02    0.01
    0.01    0.02    0.02    0.01    0.01    0.01    0.01    0.01    0.01    0.01    0.00    0.00    0.00    0.00    0.01    0.01    0.01    0.01    0.01    0.01    0.01    0.01    0.01    0.01
    0.01    0.01    0.02    0.02    0.01    0.01    0.01    0.01    0.01    0.10    0.00    0.00    0.00    0.00    0.01    0.01    0.01    0.01    0.00    0.01    0.01    0.01    0.01    0.02
    0.01    0.02    0.06    0.01    0.01    0.01    0.01    0.01    0.01    0.01    0.00    0.00    0.00    0.00    0.01    0.01    0.01    0.01    0.01    0.01    0.01    0.01    0.01    0.01
    0.02    0.02    0.01    0.01    0.01    0.01    0.01    0.01    0.01    0.04    0.01    0.01    0.01    0.01    0.01    0.01    0.01    0.01    0.01    0.01    0.01    0.01    0.01    0.01
    0.02    0.02    0.01    0.01    0.01    0.01    0.01    0.01    0.05    0.01    0.01    0.01    0.01    0.01    0.01    0.00    0.01    0.01    0.01    0.01    0.01    0.01    0.02    0.01
    0.02    0.02    0.01    0.01    0.01    0.01    0.01    0.01    0.01    0.01    0.01    0.01    0.01    0.01    0.01    0.01    0.01    0.01    0.01    0.01    0.01    0.01    0.01    0.01
    0.01    0.02    0.01    0.01    0.01    0.01    0.01    0.01    0.01    0.01    0.01    0.01    0.01    0.01    0.01    0.01    0.01    0.01    0.01    0.01    0.01    0.01    0.02    0.03
    0.02    0.02    0.02    0.01    0.01    0.01    0.01    0.01    0.01    0.01    0.01    0.01    0.01    0.01    0.01    0.01    0.01    0.02    0.00    0.02    0.09    0.02    0.00    0.02
    0.02    0.02    0.00    0.02    0.01    0.01    0.01    0.01    0.01    0.01    0.01    0.01    0.01    0.01    0.01    0.01    0.01    0.01    0.01    0.01    0.02    0.01    0.02    0.04
    0.02    0.02    0.02    0.02    0.01    0.01    0.01    0.01    0.01    0.01    0.01    0.01    0.01    0.01    0.01    0.01    0.01    0.01    0.01    0.02    0.01    0.02    0.01    0.02
    0.02    0.02    0.02    0.03    0.02    0.02    0.01    0.01    0.01    0.01    0.01    0.01    0.02    0.01    0.01    0.01    0.01    0.01    0.01    0.01    0.02    0.02    0.02    0.02
    0.02    0.02    0.02    0.02    0.02    0.02    0.02    0.02    0.01    0.01    0.01    0.01    0.01    0.01    0.01    0.01    0.01    0.01    0.01    0.01    0.02    0.02    0.02    0.03
    0.02    0.02    0.02    0.02    0.02    0.02    0.00    0.02    0.02    0.02    0.02    0.01    0.02    0.02    0.02    0.02    0.02    0.02    0.02    0.02    0.03    0.03    0.03    0.07
    0.05    0.02    0.02    0.02    0.02    0.02    0.03    0.07
    0.03    0.01    0.01    0.01    0.01    0.01    0.02    0.02
    0.02    0.01    0.01    0.01    0.01    0.01    0.01    0.02
    0.02    0.01    0.01    0.01    0.01    0.01    0.01    0.02
    0.02    0.01    0.01    0.01    0.01    0.01    0.01    0.02
    0.02    0.01    0.01    0.01    0.01    0.01    0.02    0.05
    0.03    0.01    0.01    0.01    0.01    0.01    0.01    0.03
    0.03    0.02    0.02    0.03    0.01    0.02    0.03    0.07

