 delta for calibr coefs, delta=-1+mpi0t*weight/mpi0r
 0.00564 0.01466 0.09972 0.08898-0.00074 0.00000 0.00000 0.00078 0.01402 0.01295 0.01347 0.01759 0.01418 0.00812 0.00930-0.00236 0.00389 0.02008 0.01327 0.00470 0.00748 0.00000 0.00679 0.00762
 0.00388 0.00063 0.00000 0.08890 0.00369 0.01009 0.02982 0.04104 0.01753 0.01455 0.00992 0.01441 0.00906 0.00778 0.00737 0.00579 0.01131 0.00000 0.01013-0.00188 0.00259 0.00699 0.00646 0.00774
 0.00679 0.00604 0.00000 0.00000 0.01270 0.00000 0.01538 0.03248 0.01579 0.01317 0.01519 0.01682 0.01931 0.07548 0.01341 0.00337 0.01566 0.00000 0.00515 0.00437 0.00913 0.00648-0.00616 0.00494
 0.01057 0.01232 0.00000 0.00000 0.01568 0.01617 0.01039 0.00000 0.01968 0.01787 0.01468 0.02632 0.00000 0.06783 0.01754 0.01974 0.01536 0.01152 0.01617 0.01283 0.01239 0.00723 0.00408 0.00185
 0.01632 0.00745 0.00638 0.09056 0.00000 0.01389 0.01747 0.00000 0.02885 0.02391 0.01452 0.00000 0.00000 0.02000-0.00255 0.01907 0.00000 0.00000 0.01611 0.01562 0.01449 0.00915 0.04776 0.00656
 0.01087 0.00664 0.00614 0.00000 0.02209 0.00598 0.01369 0.00000 0.02831 0.02220 0.01618 0.02072 0.00000-0.02424 0.03317 0.00957 0.02038 0.00000 0.02173 0.01546 0.01772 0.01176 0.00755 0.01316
 0.00324 0.00565 0.00617 0.00000 0.00000 0.00000 0.01847 0.00000 0.01993 0.01440 0.01455 0.01826 0.01990 0.02036 0.01990 0.01614-0.00493 0.02135 0.02403 0.01290 0.01222 0.01432 0.00961 0.01671
 0.00843 0.00000 0.00000-0.01550 0.02642 0.00000 0.00417 0.00000 0.01745 0.02167 0.01692 0.01790 0.00000 0.02176 0.00000 0.01506 0.01549-0.02797 0.01814 0.02152 0.02081 0.01852 0.01906 0.00559
 0.00000 0.02442 0.01794 0.02226 0.02226 0.02680 0.01481 0.01982 0.01239 0.02295 0.01559 0.01062 0.01680 0.01534 0.01976 0.02030 0.02089 0.01710 0.02107 0.01899 0.02012 0.01230 0.01781 0.00750
 0.00619 0.01722 0.01312 0.01858 0.01597 0.01964 0.00000 0.02104 0.03926 0.01927 0.04167 0.01002 0.00830 0.01793 0.02094 0.03795 0.02130 0.02343 0.00000 0.02748 0.02345 0.02148 0.01455 0.01702
 0.00707 0.02031 0.01998 0.01762 0.02477 0.01863 0.01837 0.01494 0.02225 0.01963 0.00000 0.00000 0.00000 0.00000 0.01853 0.02204 0.01728 0.03180 0.00785 0.01234 0.02859 0.01535 0.01165 0.00899
 0.00719 0.02801 0.01860 0.02416 0.02570 0.02259 0.01488 0.02278 0.01329 0.02800 0.00000 0.00000 0.00000 0.00000 0.01958 0.01808 0.01486 0.02164 0.02273 0.02291 0.03477 0.02149 0.01199 0.01018
 0.00997 0.01462 0.03727 0.01599 0.03107 0.02030 0.02250 0.02460 0.01176 0.00000 0.00000 0.00000 0.00000 0.00000 0.01558 0.02022 0.01855 0.01664 0.00000 0.02146 0.01751 0.02894 0.01579 0.00946
 0.00561 0.01934 0.00069 0.01361 0.01061 0.00605 0.01309 0.02553 0.02271 0.01666 0.00000 0.00000 0.00000 0.00000 0.02233 0.01881 0.02023 0.02615 0.03496 0.01702 0.02123 0.02064 0.02457 0.01563
 0.00700 0.00807 0.01540 0.02794 0.02273 0.02474 0.02872 0.02327 0.02188 0.00000 0.02087 0.02161 0.02461 0.03769 0.04808 0.02432 0.01963 0.01056 0.01850 0.01633 0.02035 0.01753 0.01713 0.01046
 0.00618 0.01862 0.03203 0.03622 0.02159 0.02008 0.02389 0.02660 0.02093 0.01595 0.02073 0.01701 0.02441 0.02669 0.01399 0.00000 0.01964 0.02250 0.01733 0.01610 0.02427 0.02485 0.01963 0.01535
 0.00958 0.01387-0.00965 0.01759 0.01382 0.02380 0.01535 0.02042 0.02237 0.02839 0.01677 0.05748 0.02613 0.03847 0.01887 0.01615 0.02198 0.02045 0.01449 0.02065 0.02002 0.02048 0.01315 0.00882
 0.00729 0.02018 0.01742 0.01765 0.01685 0.01875 0.02238-0.01948 0.02532 0.02272 0.01881 0.01990 0.01233 0.02166 0.02133 0.00997 0.01870 0.00818 0.01931 0.01654 0.01480 0.01124 0.01245 0.00690
 0.00643 0.01312 0.02083 0.01289 0.01534 0.01957 0.02456 0.03071 0.02330 0.02353 0.00772 0.01592 0.00213 0.01706 0.01849 0.01270 0.01632 0.02607 0.00000 0.02025 0.00000 0.01508 0.00000 0.00717
 0.00783 0.00647 0.01699 0.02899 0.01179 0.02377 0.02079 0.01456 0.01589 0.01826 0.02269 0.02184 0.02412 0.01643 0.01558 0.02324 0.02237 0.01865-0.01083 0.01014 0.01618 0.00455 0.00046 0.00815
 0.01199 0.01130 0.00635 0.01137 0.01875 0.01055 0.01665 0.02054 0.02203 0.01560 0.01470 0.03721 0.02188 0.01960 0.01922 0.01786 0.01547 0.01713 0.01256 0.01380 0.01048 0.01031 0.00000 0.00518
 0.00663 0.00763 0.01664 0.01621 0.01207 0.01271 0.01591 0.00768 0.02120 0.01862 0.00909 0.01980 0.01231 0.01670 0.01990 0.01172 0.01652 0.01441 0.01099 0.01021 0.00016-0.00012 0.00409-0.00056
-0.00647 0.00509 0.00353 0.00637 0.01270 0.00934 0.00630 0.00769 0.00911 0.01197 0.01370 0.01596 0.00984 0.00907 0.01104 0.01145 0.00506 0.00597 0.00197 0.00609 0.00388 0.00137-0.00393 0.00670
 0.00066 0.00712 0.00588 0.00642 0.00802 0.00383 0.00000 0.01216 0.01023 0.00996 0.01725 0.01568 0.00650 0.01164 0.00874 0.01196 0.01290 0.00348 0.00715 0.00662 0.00370 0.01670 0.00365 0.00655
 0.04587 0.02764 0.01984 0.02059 0.00708 0.01454 0.01954 0.02409
 0.05043 0.03373 0.01305 0.00974 0.01204 0.00640 0.00833 0.00355
 0.04835 0.03826 0.01328 0.01610 0.01343 0.01125 0.00717 0.01379
 0.04149 0.03804 0.01789 0.01662 0.01552 0.01382-0.00046 0.01569
 0.04480 0.03372 0.01748 0.01454 0.01519 0.01703 0.01633 0.02104
 0.04286 0.03477 0.02191 0.01542 0.01758 0.01864 0.02048-0.00538
 0.04592 0.02694 0.05273 0.01676 0.01225 0.02906 0.00914 0.01785
 0.03283 0.01746 0.04935 0.03327 0.01112 0.00338 0.00886 0.00000

 weights, W=(weight1+weight2+...)
****************60056.68****************    0.00    0.00********96300.13************************************************************************************************    0.00****************
****************    0.00************************90070.47 3458.69************************************************************************    0.00************************************************
****************    0.00    0.00********    0.00******** 2465.75**************************************** 3646.59************************    0.00********************************49976.32********
****************    0.00    0.00************************    0.00********************************    0.00 4645.75********************************************************************************
 8108.25****************18540.52    0.00****************    0.00************************    0.00    0.00********   76.62********    0.00    0.00******************************** 9962.86********
************************    0.00************************    0.0013756.81************************    0.0026910.48************************    0.00************************************************
************************    0.00    0.00    0.00********    0.00************************************************ 2370.87************************************************************************
********    0.00    0.00****************    0.00   65.29    0.00********************************    0.00********    0.00****************  113.63************************************************
    0.00****************************************************************************************************************************************************************************************
************************************************    0.00****************************************************************************************    0.00****************************************
********************************************************************************    0.00    0.00    0.00    0.00********************************************************************************
********************************************************************************    0.00    0.00    0.00    0.00********************************************************************************
************************************************************************    0.00    0.00    0.00    0.00    0.00********************************    0.00****************************************
********************************************************************************    0.00    0.00    0.00    0.00********************************************************************************
************************************************************************    0.00****************************************************************************************************************
************************************************************************************************************************    0.00****************************************************************
************************************************************************************************************************************************************************************************
********************************************************  572.85********************************************************************************************************************************
************************************************************************************************************************************************    0.00********    0.00********    0.00********
************************************************************************************************************************************************************************************************
********************************************************************************************************************************************************************************    0.00********
************************************************************************************************************************************************************************************************
****************************************************************************************************************************************************************************************82220.17
************************************************    0.00****************************************************************************************************************91303.67********  909.91
27849.9758008.7743586.5439047.8466399.0354689.9324766.66 7322.82
20174.44************************************************46163.47
********************************************************88181.09
****************************************************************
********************************************************63964.62
******************************************************** 4434.01
 5464.23********77263.41****************************************
66021.0258851.0422461.6531395.76****************67581.04    0.00

 D, D=(weight1**2+weight2**2+...)
  570.41  592.36  105.47  313.91 1016.39    0.00    0.00 1158.63  761.22 1449.30 1592.47 1260.59 1496.98 1184.90 1321.46 1579.81 1209.40 1231.36 1187.04  859.39  987.95    0.00  618.37  620.47
  685.44  655.36    0.00  502.28 1213.62 1348.66  585.94   11.19 1061.19 1435.04 1297.83 1565.61 1230.95 3015.54 1113.38 1217.79 1163.05    0.00  880.89  862.22  838.52  711.10  625.72  656.91
  729.45  591.19    0.02    0.00 1274.12    0.00 1555.39    7.47 1338.90 1514.52 1837.34 1513.81 2030.35   10.00 1688.76 1807.44 1686.14    0.00 5446.26  946.89  853.92  941.19  283.72  755.62
  890.71  767.68    0.00    0.00 1724.15 1725.88 1567.41    0.00 2008.83 1853.17 2133.25 2572.48    1.76   14.44 2247.66 1874.66 2052.78 2142.33 1119.36 1357.96 1086.10  934.58  873.48  956.15
   10.95 1113.18 8608.54  123.10    0.00 3657.03 2092.77    0.00 2185.90 2613.28 2757.94    1.79    0.00 2668.26    0.04 2239.83    0.01    0.01 2011.98 1549.70 1294.87 1261.14   41.34 1131.30
 1263.34 1164.3911583.35    0.00 1848.03 2558.96 2390.70    0.00   37.89 2534.23 3259.48 3333.71    0.00  204.67 2542.62 2932.75 2953.00    0.06 2230.31 1874.17 1456.49 1345.53 1181.07 1156.79
 1521.25 1259.4813414.52    0.00    0.00    0.00 3650.35    0.00 3861.22 3773.34 3774.97 3898.74 2326.67 2447.06    1.02 3193.01 3598.85 3056.04 2217.74 2046.46 1757.69 1445.53 1266.43  815.87
 1903.37    0.00    0.00  732.10 1559.96    0.00    0.01    0.00 3560.19 3956.30 4189.05 3553.49    0.00 3663.97    0.05 4085.04 2910.02    0.06 2450.30 2251.14 1931.13 1749.00  959.95 1774.03
    0.00 1658.38 2301.16 3429.68 2776.29 2616.31 3830.24 3752.50 5109.23 4310.90 5294.98 5384.06 4129.70 5094.40 5639.58 3922.43 3944.61 3228.48 3050.22 2138.65 2245.38 2054.14 1352.95 1721.62
 2292.56 2106.82 2476.11 1958.81 3415.97 3155.74    0.00 4124.07 3854.57 5603.53 5951.82 7528.92 7487.11 6918.97 5168.08 4264.89 4630.58 3774.78    0.00 2640.29 1588.47 2029.52 1711.60 1459.28
 2699.08 1126.60 1459.76 3417.80 3593.77 3023.27 4072.61 4333.98 4925.94 7584.86    0.00    0.00    0.00    0.00 6969.79 5533.60 5000.07 3631.37 3368.14 2639.91 2161.56 2158.40 1020.67 2114.91
 2716.66 2244.73 1459.40 3623.01 3972.53 2899.40 3670.92 5518.27 6352.0210775.01    0.00    0.00    0.00    0.0010263.13 6701.23 5335.56 4225.06 4273.30 2839.64 1901.45 2152.71 1339.74 1848.27
 2435.03 2685.18 1090.74 1432.03 4121.28 2655.76 4659.14 6064.90 7692.69    0.00    0.00    0.00    0.00    0.0010627.12 6899.36 5272.51 4346.92    0.00 2797.87 2059.53 1615.29 1250.85 1877.01
 2614.04 1486.31 4171.77 1533.54 2609.92 3986.14 3447.04 5596.78 7023.0910267.61    0.00    0.00    0.00    0.00 7936.56 6540.35 4154.79 4197.30 2943.96 2673.91 1606.58 1865.97 2006.54 1833.69
 2257.63 2264.68 1571.85 2698.34 2469.93 3126.80 3230.97 4809.64 5534.74    0.00 6684.13 9695.17 9614.04 7554.40 6348.31 6304.60 5108.66 3904.82 2850.28 2648.33 2301.77 1881.41 1503.14 1660.81
 2222.48 1202.31 1909.60 1267.91 3114.13 3166.84 3667.50 3558.76 4856.31 5277.40 5584.71 6200.85 6798.73 4839.25 6319.90    0.00 4519.44 3419.91 2756.16 2154.30 2236.12 1597.91 1203.84 1671.37
 1731.74 1482.54 2289.95 2235.81 1943.29 2925.96 3025.71 3939.94 4192.40 4309.22 4843.30 3453.07 4699.56 5220.01 5003.08 4223.05 3441.52 2734.21 2526.49 2417.14 1805.19 1229.72 1115.99 1476.13
 1658.53  984.61 1573.40 1967.06 1674.99 2375.40 2590.09    2.76 3701.08 3710.72 3900.08 3662.47 3709.35 4085.29 3475.63 3391.89 2953.63 2834.24 2019.90 2078.71 1790.10 1505.05  855.64 1489.61
 1222.25 1221.38 1422.11 1566.11 1441.83 2271.59 2488.27 2674.12 2609.19 2829.01 3683.53 3379.17 4018.00 2967.66 3258.67 2858.92 2168.62 1816.14    0.00 2000.58    0.00 1469.86    0.00 1483.94
 1099.62 1034.99 1148.53 1085.57 1350.68 1865.91 1922.07 1948.12 2411.75 2754.61 2748.85 3034.56 2448.46 2969.45 2678.87 2261.69 2095.52 2128.63 2049.96 1689.58 1195.91 1317.34  989.54 1040.48
  952.08  721.22 1131.04 1212.52 1340.50 1671.73 1786.04 1875.41 2251.90 2435.34 2522.13 1968.75 2631.40 2313.08 2058.30 2076.50 1707.30 1613.30 1415.75 1112.55 1017.00 1018.52    0.00 1103.12
  819.39  849.93  913.25 1079.36 1394.35 1407.57 1735.68 2073.55 1914.79 2883.85 2125.48 2124.70 1698.03 1908.61 2140.16 1912.74 1260.92 1504.98 1314.93 1253.74 1012.70 1151.73  898.03  401.22
  743.78  661.88  829.55 1015.13 1027.15 1221.19 1628.30 1422.79 1740.02 1803.40 1754.24 1611.30 1830.33 1752.24 1575.14 1446.51 1514.56 1095.37 1199.11 1024.71  759.28  674.60  617.05  324.18
  806.83  792.95  939.33  980.03  992.36 1376.29    0.00 1687.24 1609.03 1746.32  968.05 1718.49 1660.92 1746.21 1622.78 1525.72 1338.11 1346.23 1186.12 1137.59  765.01  572.82  691.20    0.57
  100.68  119.81  133.99  113.03  239.15  186.61   83.11   23.26
   29.13  995.76 1155.29 1275.65 1595.35 1560.97  830.26  136.28
  429.38  622.74 3019.66 3374.14 3331.05 3014.11 1788.89  288.09
  492.25 1300.78 6210.1811650.7510302.14 5641.95 2526.80  343.24
  432.62 3117.74 9067.7314257.7312615.25 7254.31 1747.38  156.92
  875.61 1875.00 5316.50 8223.38 8426.45 5760.74 4472.71    7.14
    1.11 1461.72  142.28 2090.11 2913.63 3127.68  542.66  673.88
  254.48  220.72   38.47   71.13  297.55  384.46  282.63    0.00

 statistika, N:
    1624    1971    2464    2747    1356       0       0    1334     724    3194    3511    2158    5327    5689    6012    4501    3841    2262    3492    2709    2703       0    1824    1218
    2376    2778       0    2746    2355    2262    1115      74    2250    4318    2684    7148    7387    5267    8406    6065    3595       0    2551    4127    3552    2471    2661    1726
    1876    1748       2       0    2317       0    3205      52    2844    3442    4956    4725    5804     122    7621   10897    5338       0    8334    5297    4580    4043     572    1622
    1871    2030       0       0    4654    2951    2941       0    3946    4408    6369    5690       2     141    6475   12441    6500    4538    4255    6191    4857    4457    2952    2549
    1326    3490  102708     284       0    5270    3657       0    3556    6649    7228       2       0    2947      12    6605       3       2    5544    5958    6822    6994     386    2259
    3141    3795  103159       0    3687    5421    5803       0    3134    5027    8547    6270       0     192    4941   14277    7284       3    6366    7926    5442    5863    3933    2574
    4836    3642  103248       0       0       0    5255       0    6734    8690    9675    9406    7283    6221    2134    8974   15752    9832    7523   12604    9140    5691    3874    1480
    2851       0       0     778    2599       0      41       0    7142   11601   13359    9232       0   10225       5   10723    6908      22    7166    7924    7171    5521    3216    5008
       0    4074    6363    6393    7144    8052   10613   12211   16488   12622   24359   24844   19074   17894   20108   13081   11534    7931    9872    8952    8414    9493    4850    4713
    4798    5855    5361    4541   10236    9290       3   10512   11059   23923   20914   35866   26420   37289   22611   19829   18491    9842       0    7901    5472    8588    6027    3002
    6278    3029    3387    7359   10430   13295   13737   17221   23617   32378       0       0       0       0   29235   19165   16234    8895    8786    8994    6830    8854    4352    5215
    6981    5380    3130    6828   11405   12353   15110   19055   28304   31960       0       0       0       0   37620   24703   17466   14394   11067    8792   10361   11187    6941    5634
    5458    7617    2521    2325   11511   10821   12893   19028   28483       0       0       0       0       0   43091   25964   17208   16291       0    8817    9188    8626    6957    4708
    5625    6008    7147    4887   12068   13583   13639   18014   20008   20062       0       0       0       0   35059   26511   10181   12450    9477   10407    5914   10124    8178    5404
    4009    5176    3806    5081    6313   15324   11897   16142   13381       0   18574   43793   39268   22169   16797   16590   20003   12239   10644   12029   10336    9369    6940    5725
    3915    2786    3790    2601    8511   11353   10863   10121   12872   12780   20443   20983   35776    8060   14384       0   11306   12267   13350    7996    7445    5515    4255    5695
    4327    5535   10334    6608    9891   10839   10097   13149   16812   19843   23614   18203   14657   17767   19871   16660   13428   10060   14131    8760    6714    5147    6258    5347
    5260    3903    6151    7486    5205    8974    7595       7   10592   14123   15273   13662   10651   11559    8926   15627   14812   13275    5430    6516    5922    5297    1742    2540
    3459    3814    4420    5783    5735    8328   10861    6230    6745    8481   13707   12175   15604    9284   11986   11017    7173    4309       0    3809       0    3360       0    3410
    3962    4180    4718    3668    4331    6753    7764    5237    7839    9146    9359    9782    5841   10953    9190    9944   11293   13294    4760    6112    4211    5127    3180    2788
    3015    3204    4576    4331    5288    7302    7644    8227    8215    9194   10626    7049    9822    9650    6433   11717    6905   11864    6935    3973    4619    2768       0    3142
    3288    3126    3374    4171    4809    4395    5284    5804    5729    7209    6344    9258    3383    8783    9578    6670    4923    6124    8296    5170    3066    1952    2073    3374
    1978    2613    3497    3772    3260    4255    3543    3404    6199    6088    6337    5855    6379    6338    4486    5396    6075    4484    4946    5099    2829    2761    2300    2207
    2062    2144    2210    2575    2623    2642       0    3743    3834    3366    2216    4552    3458    4274    3528    3697    3187    3940    4294    3112    1584    1130    1348     220
     797    3724    5044    3800    3642    3644    1290     318
    3607   12615   13928   16740   20831   20944    6526    4268
    8185   24464   46757   47197   31483   36803   15677    6042
   15269   42312   91117  117877   93769   61375   46419    6082
   16119   42388   77896  130748  103213   81308   36487    6425
   12032   30768   56356   90358   89377   58533    9059     660
    5419    8171    8531   27394   29598   88153   10593    2726
    2348    2232    3839    3027   11233    4538    2373       0

 sigma, sigma=sqrt(D-W**2)/W
 0.99996 0.99995 0.99996 0.99996 0.99997 0.00000 0.00000 0.99997 0.99997 0.99996 0.99996 0.99997 0.99994 0.99993 0.99994 0.99996 0.99995 0.99996 0.99995 0.99996 0.99995 0.00000 0.99995 0.99996
 0.99995 0.99995 0.00000 0.99996 0.99996 0.99997 0.99996 0.99997 0.99996 0.99995 0.99997 0.99993 0.99994 0.99997 0.99993 0.99995 0.99996 0.00000 0.99996 0.99995 0.99995 0.99996 0.99995 0.99996
 0.99996 0.99996 0.00000 0.00000 0.99996 0.00000 0.99996 0.99997 0.99996 0.99996 0.99996 0.99996 0.99995 0.99995 0.99994 0.99993 0.99995 0.00000 0.99997 0.99994 0.99994 0.99994 0.99997 0.99996
 0.99996 0.99996 0.00000 0.00000 0.99995 0.99996 0.99996 0.00000 0.99996 0.99996 0.99995 0.99995 0.00000 0.99995 0.99995 0.99992 0.99995 0.99996 0.99995 0.99995 0.99995 0.99995 0.99995 0.99996
 0.99989 0.99995 0.99997 0.99995 0.00000 0.99996 0.99996 0.00000 0.99996 0.99995 0.99995 0.00000 0.00000 0.99997 0.99996 0.99995 0.00000 0.00000 0.99996 0.99995 0.99994 0.99993 0.99992 0.99996
 0.99996 0.99996 0.99997 0.00000 0.99996 0.99996 0.99996 0.00000 0.99969 0.99996 0.99995 0.99996 0.00000 0.99997 0.99996 0.99993 0.99995 0.00000 0.99995 0.99995 0.99995 0.99995 0.99995 0.99996
 0.99995 0.99996 0.99997 0.00000 0.00000 0.00000 0.99997 0.00000 0.99996 0.99996 0.99995 0.99996 0.99994 0.99995 0.99981 0.99996 0.99994 0.99994 0.99995 0.99993 0.99994 0.99995 0.99996 0.99997
 0.99997 0.00000 0.00000 0.99997 0.99996 0.00000 0.99995 0.00000 0.99996 0.99995 0.99995 0.99995 0.00000 0.99995 0.00000 0.99995 0.99996 0.99995 0.99995 0.99995 0.99995 0.99996 0.99996 0.99995
 0.00000 0.99995 0.99995 0.99996 0.99996 0.99995 0.99995 0.99995 0.99994 0.99995 0.99993 0.99993 0.99993 0.99994 0.99994 0.99995 0.99995 0.99996 0.99995 0.99995 0.99995 0.99994 0.99995 0.99995
 0.99996 0.99995 0.99996 0.99996 0.99995 0.99995 0.00000 0.99996 0.99995 0.99993 0.99994 0.99993 0.99994 0.99992 0.99994 0.99993 0.99994 0.99995 0.00000 0.99995 0.99995 0.99994 0.99995 0.99996
 0.99995 0.99996 0.99996 0.99996 0.99995 0.99994 0.99994 0.99994 0.99993 0.99993 0.00000 0.00000 0.00000 0.00000 0.99993 0.99994 0.99995 0.99996 0.99996 0.99995 0.99995 0.99994 0.99995 0.99996
 0.99995 0.99996 0.99996 0.99996 0.99995 0.99994 0.99994 0.99994 0.99994 0.99995 0.00000 0.00000 0.00000 0.00000 0.99994 0.99994 0.99995 0.99995 0.99995 0.99995 0.99993 0.99993 0.99994 0.99995
 0.99996 0.99995 0.99996 0.99997 0.99995 0.99994 0.99995 0.99995 0.99994 0.00000 0.00000 0.00000 0.00000 0.00000 0.99993 0.99994 0.99995 0.99993 0.00000 0.99995 0.99994 0.99994 0.99994 0.99996
 0.99996 0.99994 0.99996 0.99995 0.99993 0.99995 0.99994 0.99994 0.99995 0.99996 0.00000 0.00000 0.00000 0.00000 0.99993 0.99993 0.99996 0.99995 0.99995 0.99994 0.99995 0.99993 0.99994 0.99995
 0.99996 0.99996 0.99996 0.99996 0.99996 0.99993 0.99994 0.99994 0.99995 0.00000 0.99995 0.99993 0.99993 0.99994 0.99995 0.99995 0.99994 0.99995 0.99995 0.99994 0.99994 0.99994 0.99994 0.99995
 0.99996 0.99996 0.99996 0.99996 0.99995 0.99994 0.99995 0.99995 0.99995 0.99995 0.99994 0.99995 0.99991 0.99996 0.99996 0.00000 0.99995 0.99995 0.99994 0.99995 0.99995 0.99995 0.99996 0.99995
 0.99996 0.99995 0.99994 0.99995 0.99993 0.99994 0.99995 0.99994 0.99994 0.99993 0.99993 0.99992 0.99995 0.99994 0.99994 0.99994 0.99994 0.99995 0.99993 0.99995 0.99995 0.99995 0.99994 0.99994
 0.99995 0.99995 0.99995 0.99995 0.99996 0.99995 0.99995 0.99997 0.99995 0.99994 0.99994 0.99994 0.99996 0.99995 0.99996 0.99994 0.99993 0.99994 0.99996 0.99995 0.99995 0.99995 0.99997 0.99997
 0.99995 0.99996 0.99996 0.99995 0.99995 0.99995 0.99994 0.99996 0.99996 0.99995 0.99994 0.99995 0.99994 0.99995 0.99994 0.99994 0.99995 0.99996 0.00000 0.99996 0.00000 0.99996 0.00000 0.99995
 0.99995 0.99995 0.99995 0.99995 0.99996 0.99995 0.99995 0.99996 0.99995 0.99995 0.99995 0.99995 0.99996 0.99994 0.99995 0.99994 0.99993 0.99992 0.99996 0.99995 0.99995 0.99995 0.99996 0.99996
 0.99995 0.99995 0.99995 0.99995 0.99995 0.99994 0.99994 0.99994 0.99995 0.99995 0.99994 0.99995 0.99994 0.99994 0.99996 0.99993 0.99995 0.99992 0.99994 0.99996 0.99995 0.99995 0.00000 0.99996
 0.99994 0.99995 0.99995 0.99995 0.99995 0.99996 0.99996 0.99996 0.99996 0.99996 0.99996 0.99994 0.99997 0.99994 0.99994 0.99995 0.99995 0.99995 0.99993 0.99995 0.99996 0.99996 0.99996 0.99996
 0.99996 0.99995 0.99995 0.99995 0.99996 0.99995 0.99996 0.99996 0.99995 0.99995 0.99995 0.99995 0.99995 0.99995 0.99996 0.99995 0.99995 0.99995 0.99995 0.99994 0.99995 0.99995 0.99995 0.99995
 0.99995 0.99996 0.99996 0.99996 0.99996 0.99996 0.00000 0.99996 0.99996 0.99996 0.99996 0.99995 0.99996 0.99996 0.99996 0.99996 0.99996 0.99995 0.99995 0.99996 0.99996 0.99996 0.99996 0.99992
 0.99995 0.99993 0.99982 0.99986 0.99990 0.99989 0.99991 0.99993
 0.99987 0.99993 0.99990 0.99990 0.99989 0.99988 0.99993 0.99986
 0.99992 0.99992 0.99989 0.99991 0.99993 0.99991 0.99993 0.99989
 0.99992 0.99992 0.99991 0.99993 0.99993 0.99993 0.99990 0.99990
 0.99993 0.99994 0.99994 0.99993 0.99994 0.99992 0.99990 0.99988
 0.99993 0.99993 0.99992 0.99993 0.99993 0.99993 0.99997 0.99988
 0.99990 0.99993 0.99990 0.99991 0.99992 0.99990 0.99990 0.99994
 0.99993 0.99993 0.99985 0.99989 0.99984 0.99992 0.99993 0.00000

 sigma/sqrt(N)
    0.02    0.02    0.02    0.02    0.03    0.00    0.00    0.03    0.04    0.02    0.02    0.02    0.01    0.01    0.01    0.01    0.02    0.02    0.02    0.02    0.02    0.00    0.02    0.03
    0.02    0.02    0.00    0.02    0.02    0.02    0.03    0.12    0.02    0.02    0.02    0.01    0.01    0.01    0.01    0.01    0.02    0.00    0.02    0.02    0.02    0.02    0.02    0.02
    0.02    0.02    0.00    0.00    0.02    0.00    0.02    0.14    0.02    0.02    0.01    0.01    0.01    0.09    0.01    0.01    0.01    0.00    0.01    0.01    0.01    0.02    0.04    0.02
    0.02    0.02    0.00    0.00    0.01    0.02    0.02    0.00    0.02    0.02    0.01    0.01    0.00    0.08    0.01    0.01    0.01    0.01    0.02    0.01    0.01    0.01    0.02    0.02
    0.03    0.02    0.00    0.06    0.00    0.01    0.02    0.00    0.02    0.01    0.01    0.00    0.00    0.02    0.29    0.01    0.00    0.00    0.01    0.01    0.01    0.01    0.05    0.02
    0.02    0.02    0.00    0.00    0.02    0.01    0.01    0.00    0.02    0.01    0.01    0.01    0.00    0.07    0.01    0.01    0.01    0.00    0.01    0.01    0.01    0.01    0.02    0.02
    0.01    0.02    0.00    0.00    0.00    0.00    0.01    0.00    0.01    0.01    0.01    0.01    0.01    0.01    0.02    0.01    0.01    0.01    0.01    0.01    0.01    0.01    0.02    0.03
    0.02    0.00    0.00    0.04    0.02    0.00    0.16    0.00    0.01    0.01    0.01    0.01    0.00    0.01    0.00    0.01    0.01    0.21    0.01    0.01    0.01    0.01    0.02    0.01
    0.00    0.02    0.01    0.01    0.01    0.01    0.01    0.01    0.01    0.01    0.01    0.01    0.01    0.01    0.01    0.01    0.01    0.01    0.01    0.01    0.01    0.01    0.01    0.01
    0.01    0.01    0.01    0.01    0.01    0.01    0.00    0.01    0.01    0.01    0.01    0.01    0.01    0.01    0.01    0.01    0.01    0.01    0.00    0.01    0.01    0.01    0.01    0.02
    0.01    0.02    0.02    0.01    0.01    0.01    0.01    0.01    0.01    0.01    0.00    0.00    0.00    0.00    0.01    0.01    0.01    0.01    0.01    0.01    0.01    0.01    0.02    0.01
    0.01    0.01    0.02    0.01    0.01    0.01    0.01    0.01    0.01    0.01    0.00    0.00    0.00    0.00    0.01    0.01    0.01    0.01    0.01    0.01    0.01    0.01    0.01    0.01
    0.01    0.01    0.02    0.02    0.01    0.01    0.01    0.01    0.01    0.00    0.00    0.00    0.00    0.00    0.00    0.01    0.01    0.01    0.00    0.01    0.01    0.01    0.01    0.01
    0.01    0.01    0.01    0.01    0.01    0.01    0.01    0.01    0.01    0.01    0.00    0.00    0.00    0.00    0.01    0.01    0.01    0.01    0.01    0.01    0.01    0.01    0.01    0.01
    0.02    0.01    0.02    0.01    0.01    0.01    0.01    0.01    0.01    0.00    0.01    0.00    0.01    0.01    0.01    0.01    0.01    0.01    0.01    0.01    0.01    0.01    0.01    0.01
    0.02    0.02    0.02    0.02    0.01    0.01    0.01    0.01    0.01    0.01    0.01    0.01    0.01    0.01    0.01    0.00    0.01    0.01    0.01    0.01    0.01    0.01    0.02    0.01
    0.02    0.01    0.01    0.01    0.01    0.01    0.01    0.01    0.01    0.01    0.01    0.01    0.01    0.01    0.01    0.01    0.01    0.01    0.01    0.01    0.01    0.01    0.01    0.01
    0.01    0.02    0.01    0.01    0.01    0.01    0.01    0.38    0.01    0.01    0.01    0.01    0.01    0.01    0.01    0.01    0.01    0.01    0.01    0.01    0.01    0.01    0.02    0.02
    0.02    0.02    0.02    0.01    0.01    0.01    0.01    0.01    0.01    0.01    0.01    0.01    0.01    0.01    0.01    0.01    0.01    0.02    0.00    0.02    0.00    0.02    0.00    0.02
    0.02    0.02    0.01    0.02    0.02    0.01    0.01    0.01    0.01    0.01    0.01    0.01    0.01    0.01    0.01    0.01    0.01    0.01    0.01    0.01    0.02    0.01    0.02    0.02
    0.02    0.02    0.01    0.02    0.01    0.01    0.01    0.01    0.01    0.01    0.01    0.01    0.01    0.01    0.01    0.01    0.01    0.01    0.01    0.02    0.01    0.02    0.00    0.02
    0.02    0.02    0.02    0.02    0.01    0.02    0.01    0.01    0.01    0.01    0.01    0.01    0.02    0.01    0.01    0.01    0.01    0.01    0.01    0.01    0.02    0.02    0.02    0.02
    0.02    0.02    0.02    0.02    0.02    0.02    0.02    0.02    0.01    0.01    0.01    0.01    0.01    0.01    0.01    0.01    0.01    0.01    0.01    0.01    0.02    0.02    0.02    0.02
    0.02    0.02    0.02    0.02    0.02    0.02    0.00    0.02    0.02    0.02    0.02    0.01    0.02    0.02    0.02    0.02    0.02    0.02    0.02    0.02    0.03    0.03    0.03    0.07
    0.04    0.02    0.01    0.02    0.02    0.02    0.03    0.06
    0.02    0.01    0.01    0.01    0.01    0.01    0.01    0.02
    0.01    0.01    0.00    0.00    0.01    0.01    0.01    0.01
    0.01    0.00    0.00    0.00    0.00    0.00    0.00    0.01
    0.01    0.00    0.00    0.00    0.00    0.00    0.01    0.01
    0.01    0.01    0.00    0.00    0.00    0.00    0.01    0.04
    0.01    0.01    0.01    0.01    0.01    0.00    0.01    0.02
    0.02    0.02    0.02    0.02    0.01    0.01    0.02    0.00

