 delta for calibr coefs, delta=-1+mpi0t*weight/mpi0r
 0.03028 0.03066 0.10767 0.09274 0.00139 0.00000 0.00000 0.01393 0.00000 0.01918 0.00876 0.00549 0.01709 0.00757 0.00916 0.00318 0.01350-0.00078 0.01240 0.00855 0.00421 0.00000 0.00445 0.02961
 0.02915 0.03797 0.00000 0.09262 0.00217 0.00006-0.00471-0.00490 0.00719 0.00699-0.00603 0.00255 0.00853 0.01506 0.00545-0.00995 0.00771 0.00000 0.00946 0.00123 0.00423 0.00813-0.00646-0.00397
 0.03686 0.00000 0.00000 0.00000 0.01025 0.00000 0.00727 0.00000 0.01106 0.00149 0.00379 0.00335 0.01360 0.06598 0.00211-0.01210 0.00672 0.00000 0.00247-0.01222-0.01767-0.00558-0.00428 0.01898
 0.00440 0.01785 0.00000 0.00000 0.00314 0.00938 0.00038 0.00000 0.00424-0.00001 0.00374 0.01219 0.00000 0.04091 0.01517 0.00138 0.01092 0.00868 0.01056 0.01157-0.00805-0.00309 0.00041 0.00390
 0.02725 0.01232 0.00538 0.08751 0.00000 0.01389 0.00928 0.00000 0.01588 0.01888 0.01402 0.01956 0.00000-0.00409 0.00000 0.00403 0.00000 0.00000 0.01115 0.00687 0.00099-0.00702-0.02541-0.00648
 0.00705 0.00723 0.00589 0.00000 0.01674-0.00562 0.01615 0.00000 0.01650 0.02454 0.00180 0.01126 0.00000 0.00000 0.00428 0.00850 0.00490 0.00000 0.01386 0.00296 0.00774 0.00356-0.00423 0.00965
 0.00048 0.01314 0.00469 0.00000 0.00000 0.00000 0.01089 0.00000 0.00633 0.01408-0.00005-0.00095 0.01108 0.01687 0.02758-0.00398-0.02785 0.02365 0.00827 0.00241-0.00859-0.00432 0.01149 0.01511
 0.01064 0.00000 0.00000-0.01548 0.02899 0.00000-0.04321 0.00000 0.01053 0.01868 0.00220 0.00367 0.00000 0.01133 0.00000-0.01498 0.00410-0.02770 0.01398 0.00182-0.00394 0.00899 0.02474 0.00902
 0.00000 0.01536 0.00562 0.00781 0.02110 0.02514 0.00984 0.00648 0.00661 0.03218 0.01255 0.00476 0.00718 0.00580 0.01253-0.00349 0.02943 0.00673 0.00717 0.00844-0.00203-0.00060 0.00074 0.01110
 0.00928 0.01729 0.01444 0.02012 0.00891 0.01255 0.00000 0.01064 0.10865 0.01480 0.04858 0.01669 0.00329 0.01261 0.01099 0.02845 0.00847 0.01388 0.00000 0.02207 0.01310 0.01689 0.00202 0.00996
 0.00771 0.00487 0.00862 0.00130 0.01433 0.00861 0.01575 0.00542 0.00783 0.01172 0.00000 0.00000 0.00000 0.00000 0.01533 0.01631 0.00807 0.02265 0.00538 0.00392 0.01488 0.00283-0.00189 0.00720
 0.00501 0.01403 0.01609 0.00291 0.00854 0.00576 0.01008 0.01103 0.00945 0.01071 0.00000 0.00000 0.00000 0.00000 0.00946 0.00303 0.00311-0.00037 0.01076 0.00682 0.00917 0.00750 0.00646 0.01099
 0.01302 0.01782 0.03080 0.00311 0.01157 0.01239 0.01000 0.00988 0.00427 0.00000 0.00000 0.00000 0.00000 0.00000 0.02342 0.00891 0.00398 0.00800 0.00000 0.00775 0.00636 0.02308 0.01195 0.01370
 0.00008 0.00465-0.00589 0.00887-0.00038-0.01961 0.00553 0.00701 0.00803 0.00734 0.00000 0.00000 0.00000 0.00000 0.00779 0.00861-0.00486 0.01177 0.02994 0.00885 0.00530 0.00677 0.01190 0.00693
 0.00536 0.00415 0.01473 0.01560 0.01843 0.02726 0.02403 0.00352 0.00861 0.00000 0.00890 0.01166 0.01419-0.00781 0.04421 0.01218 0.00797 0.00145 0.00980 0.00586 0.01227 0.00924 0.00180 0.00429
 0.01061 0.01607 0.02147 0.07860 0.00911 0.01139 0.00822 0.02072 0.00136 0.00147 0.01144 0.00461 0.00868 0.01000 0.02010 0.00000 0.00865 0.01608 0.00368-0.00025 0.01500 0.02376 0.01361 0.01090
 0.01032 0.00380-0.02972 0.00967 0.00879 0.00501 0.00493 0.01282 0.00286 0.01217 0.00801 0.00464 0.00838 0.00049 0.00820 0.01452 0.00412 0.00405 0.00938 0.00924 0.01466 0.02537 0.01645 0.01937
 0.00218-0.00546 0.00827 0.01314 0.00490 0.01197 0.01259 0.01890 0.01442 0.01043 0.00235 0.00537-0.00274 0.01018 0.00958 0.00268-0.00064 0.00537 0.00826 0.00322 0.01378 0.00813 0.00877 0.01697
 0.00938 0.00458 0.00123 0.00925 0.00968 0.00916 0.01167 0.04604 0.01668 0.00498 0.00789 0.00912 0.01388-0.00193 0.00073-0.00199-0.00414-0.00881 0.00000 0.01427 0.00000-0.00299 0.00000 0.01494
 0.01321-0.00134 0.01513 0.00542 0.01039 0.00041 0.00769 0.02641 0.01307 0.00225 0.00405 0.00324 0.00085 0.00357-0.00106 0.01377 0.00857-0.00641 0.02044 0.01074 0.00422-0.00933 0.00602 0.01533
 0.00222 0.00380 0.01257 0.00823 0.00567-0.00130 0.00384 0.00844 0.00500-0.00176 0.00450 0.02830-0.00148-0.00857-0.00396 0.02089-0.00076-0.00069 0.00318-0.00281 0.00674-0.00084-0.02377-0.00028
 0.00352-0.00097 0.00443 0.00231 0.00349-0.00393 0.00024 0.00819 0.01416 0.00213 0.00357 0.01512 0.01385 0.00379 0.01749-0.00012-0.00178-0.00396 0.00166-0.00388 0.00421-0.00177 0.00359-0.00038
 0.00219 0.00535-0.00531-0.00034-0.00726-0.00146 0.00480-0.01630-0.00607-0.00954-0.00651 0.00372-0.00071-0.00149 0.00001-0.00114 0.00091-0.01422-0.00513-0.00073 0.00440-0.00056 0.00309 0.01161
 0.02567 0.02834 0.00551 0.00015-0.00185 0.00331 0.00000 0.00807-0.00836 0.00417-0.01500 0.00016-0.00136-0.00418-0.00096-0.00107 0.00365-0.00241 0.00511-0.00248 0.02959 0.00405 0.00162 0.01349
 0.02850 0.02812 0.02033 0.01638 0.02053 0.01271 0.02020 0.02407
 0.03222 0.03900 0.01195 0.00691 0.01088 0.00641 0.01011 0.00979
 0.04181 0.03684 0.01186 0.00952 0.00572 0.01145 0.02055 0.01753
 0.03640 0.03446 0.01191 0.01145 0.01048 0.01847 0.07041 0.04250
 0.02834 0.02336 0.01378 0.01359 0.01687 0.02023 0.03030 0.04406
 0.03228 0.03067 0.01120 0.01738 0.01803 0.01929 0.00681 0.02918
 0.03017 0.00498 0.01323 0.00998 0.00859 0.00268-0.01064-0.00697
 0.00021 0.01948 0.02066 0.01528-0.00904-0.02105-0.00586 0.00000

 weights, W=(weight1+weight2+...)
36858.7245853.32 7862.6815742.3176966.00    0.00    0.0077877.59    0.00********************************************************************************96597.6497604.96    0.0087910.9527579.37
46752.6752330.73    0.0020120.1797469.2079634.7271610.82  643.37************************************************************************    0.00****************92908.1769955.2667302.2176557.80
37232.71    0.00    0.00    0.00********    0.00********    0.00****************************************  708.04************************    0.00********34849.77****************21520.7067419.27
92462.9883777.20    0.00    0.00************************    0.00********************************    0.00 1026.86********************************************************92617.1090135.4187618.63
 4723.0497862.05********10341.93    0.00****************    0.00************************  862.27    0.00********    0.00********    0.00    0.00********************************90237.6998730.81
************************    0.00************************    0.00 7086.17************************    0.00    0.00************************    0.00************************************************
************************    0.00    0.00    0.00********    0.00************************************************ 1554.06****************************************************************82562.94
********    0.00    0.0031585.77********    0.00   30.23    0.00********************************    0.00********    0.00****************   73.89********************************97962.88********
    0.00****************************************************************************************************************************************************************************************
************************************************    0.00****************************************************************************************    0.00****************************************
********************************************************************************    0.00    0.00    0.00    0.00********************************************************************************
********************************************************************************    0.00    0.00    0.00    0.00********************************************************************************
****************91606.91************************************************    0.00    0.00    0.00    0.00    0.00********************************    0.00****************************************
********************************************************************************    0.00    0.00    0.00    0.00********************************************************************************
************************************************************************    0.00****************************************************************************************************************
************************93044.88****************************************************************************************    0.00****************************************************************
************************************************************************************************************************************************************************************************
******************************************************** 5669.50****************************************************************************************************************81441.5288615.95
************************************************************************************************************************************************    0.00********    0.00********    0.00********
****************************************************************************************************************************************************************************************96449.38
********91520.05****************************************************************************************************************************************************************33074.04********
88607.1391447.34********************************************************************************************************************************************************90282.8284820.9159204.21
75205.1675740.7986230.9294511.31********************************************************************************************************************************84057.5081062.5970317.9221869.19
52924.9160638.7982318.2891245.48****************    0.00********************************************************************************************************52677.2155229.6669468.14  557.84
13065.5839746.1224527.2427106.2037733.9033095.9417004.43 4391.07
 7033.19************************************************29395.50
38257.47************************************************51389.61
59422.00************************************************51802.61
57237.12************************************************22946.00
63862.81************************************************ 1364.97
 2267.43****************************************60694.3235688.18
30409.1129876.3712856.7715177.1846956.6345763.2727696.99    0.00

 D, D=(weight1**2+weight2**2+...)
  201.59  262.64   14.19   45.30  509.95    0.00    0.00  565.85    0.00  839.61  953.98  813.99  928.99  913.42  797.07  830.97  692.31  807.37  610.19  505.81  546.54    0.00  530.28  142.67
  245.78  287.95    0.00   73.85  609.81  483.67  465.43    1.54  641.10  819.55  779.35  957.60  764.88  666.19  728.36  657.97  677.22    0.00  520.14  499.20  424.25  342.60  305.47  433.32
  207.60    0.00    0.00    0.00  652.01    0.00  804.90    0.00  757.13  821.43  990.13  830.93 1242.06    1.11  839.14  877.49  869.58    0.00 1749.62  154.99  514.04  688.68  115.47  403.40
  559.93  493.02    0.00    0.00  947.75  874.41  811.66    0.00 1088.43 1050.39 1164.63 1401.96    1.35    1.89 1175.67 1033.09 1051.94 1054.88  541.96  665.00  497.47  396.89  452.71  487.66
    8.10  519.29 2254.87   63.74    0.00  965.12 1081.24    0.00 1188.22 1327.03 1404.20    6.38    0.00 1482.38    0.00 1158.67    0.00    0.00  951.36  737.39  643.77  622.09  420.18  572.37
  647.37  584.68 2330.60    0.00 1007.51  652.90 1261.67    0.00   20.65 1408.58 1706.76 1761.75    0.00    0.00 1419.20 1373.74 1515.39    0.00 1081.04  893.25  743.74  676.21  512.11  612.97
  756.59  626.19 5982.53    0.00    0.00    0.00 1880.37    0.00 2043.12 1982.37 2000.29 2108.18 1344.84 1237.60    0.79 1731.22 1849.15 1120.17 1087.39 1024.34  847.15  726.56  676.91  511.06
  942.15    0.00    0.00  224.60  835.28    0.00    0.00    0.00 2075.73 2194.14 2338.69 1934.97    0.00 2272.55    0.08 2345.61 1731.83    0.02 1335.50 1177.28  995.60  839.00  499.40  936.66
    0.00  826.68 1065.96 1292.34 1344.28 1302.98 2056.64 2311.65 2770.72 2402.95 2928.98 3110.76 2365.24 2994.57 2936.92 2262.12 1927.76 1925.13 1591.03 1167.76 1171.51 1037.59  763.48  908.90
 1026.75  812.71  981.34  959.09 1575.99 1680.65    0.00 2457.40  970.72 3561.62 3320.63 4454.47 4416.80 4286.76 3149.75 2595.47 2646.75 2184.60    0.00 1439.45  994.90 1037.08  919.83  757.49
 1122.06  666.71  852.95 1475.86 1658.15 1704.35 2044.95 2447.08 3077.02 4387.39    0.00    0.00    0.00    0.00 4125.78 3187.49 2903.70 2049.03 1968.57 1563.77 1148.53 1138.12  676.89 1048.84
 1098.96  928.92  838.65 1545.00 1825.39 1732.49 2045.49 2777.98 3423.05 5712.83    0.00    0.00    0.00    0.00 5454.60 3695.52 3005.15 2625.07 2344.80 1544.96 1244.37 1171.06  710.92 1081.37
 1061.34 1021.37  541.65  914.62 1967.07 1510.25 2285.17 3012.60 3971.96    0.00    0.00    0.00    0.00    0.00 5184.50 3783.57 2986.37 2543.72    0.00 1646.33 1232.20  856.00  787.96 1045.46
 1165.80  753.87 1270.91  877.78 1542.52 1479.47 1863.55 2820.76 3573.00 5109.92    0.00    0.00    0.00    0.00 4113.60 3601.84 2646.29 2476.25 1717.54 1537.21 1036.33 1105.33  879.66 1040.07
  996.44  951.62  803.86 1274.41 1317.86 1604.54 1891.38 2660.83 2991.00    0.00 3841.46 5579.98 5296.91 4667.89 3542.60 3753.99 2923.61 2200.01 1750.29 1542.49 1294.14  989.12  803.75 1003.16
  993.43  697.37  899.76  590.51 1594.74 1636.92 1854.60 2107.81 2644.12 2835.78 3287.45 3284.88 3937.89 2836.17 3503.79    0.00 2501.49 1975.07 1611.01 1301.55 1114.37  907.85  675.79  929.49
  860.85  738.39 1099.06 1038.46 1167.01 1529.74 1622.56 2264.24 2341.00 2436.74 2760.65 2683.20 2731.53 3180.34 2874.02 2286.14 1951.30 1528.18 1461.19 1327.61 1050.12  759.28  700.59  791.22
  839.60  613.98  793.53  984.49  972.66 1303.39 1587.41   36.23 2052.26 2030.26 2291.32 2229.44 2212.54 2300.85 1993.06 1919.70 1719.29 1433.32 1252.21 1209.14  989.92  853.62  498.57  559.41
  653.83  566.16  745.97  751.32  897.73 1200.07 1328.27 1460.86 1564.96 1673.96 1954.87 1980.52 2019.28 1818.39 1823.76 1556.69 1209.14 1071.91    0.00 1074.20    0.00  882.10    0.00  785.64
  607.94  553.17  537.64  681.42  736.74  991.23 1063.73  708.45 1346.62 1574.27 1589.60 1642.13 1382.40 1654.41 1384.37 1221.29 1102.94 1215.63  931.06  837.51  688.59  684.16  536.64  545.46
  563.75  432.04  557.68  608.51  689.35  807.77  926.99 1050.13 1189.61 1204.46 1301.31 1143.75 1491.13 1311.96 1095.39  997.07  889.73  812.94  721.18  631.57  527.93  612.34  246.12  577.28
  475.43  443.87  512.06  580.57  717.41  804.96  932.18  941.55  980.45 1319.20 1165.04 1242.83  908.54 1019.70 1121.29 1022.13  657.77  753.25  700.43  648.23  571.74  574.05  501.34  188.82
  410.16  361.09  416.93  466.10  522.97  676.89  791.52  731.41  841.44  906.44  965.39  905.68  999.46  970.02  842.82  807.86  804.78  611.88  580.46  519.78  428.73  398.37  352.46   64.79
  307.50  331.48  472.99  513.52  583.86  764.87    0.00  900.53  822.53  890.96  962.40  956.51  836.47  928.63  855.48  770.72  713.88  750.80  604.17  570.51  320.22  338.41  439.46    0.45
   47.60  106.66   72.98   86.80  145.92  121.13   60.53   14.54
    8.06  342.20  753.62  831.32 1013.35 1027.40  588.97   99.76
   95.73  262.36 1627.24 1730.98 1742.58 1754.40 1147.52  186.03
  148.02  345.46 2842.30 4279.16 3955.32 2919.69  953.88  188.30
  113.04 1179.79 3248.00 4638.66 4499.89 3009.30  960.71   56.44
  196.77  510.98 1880.14 2305.11 2430.36 1572.78  909.19    1.94
    0.49  824.16  627.59  851.30  998.41 1104.93  203.76   90.68
  123.89  115.44   22.85   41.20  161.63  190.68  111.80    2.92

 statistika, N:
     669     868     322     391     711       0       0     650       0    1941    2229    1401    3487    3849    3721    2995    2309    1476    2073    1590    1590       0    1183     507
     917     969       0     391    1149    1031     756      17    1375    2574    1767    4526    4531    2416    4883    3342    2057       0    1561    2105    1846    1304    1503    1044
     647       0       0       0    1200       0    1737       0    1610    1901    2894    2819    3481      36    4051    5863    2879       0    3016     866    2101    2769     266     908
    1112    1171       0       0    2519    1520    1611       0    2213    2433    3599    3196       2      44    3300    6748    3447    2293    2109    2986    2365    2360    1794    1444
     740    1817   28436     175       0    1563    1851       1    1910    3424    3772       7       0    1604       2    3327       1       0    2681    2989    3790    4197    1561    1377
    1651    1936   28568       0    1579    1460    2772       0    1731    2646    4527    3257       0       0    2513    7569    3571       0    3119    4006    2815    3180    2219    1473
    2585    1834   28566       0       0       0    2625       0    3504    4449    5193    5208    4247    3360    1174    4603    8777    4350    3575    6553    4964    2919    2122     927
    1413       0       0     255    1328       0      22       0    3911    6216    7702    5034       0    5908       4    5907    3647      22    3729    4191    3871    2745    1736    2837
       1    2135    3237    2754    3521    4170    5930    6944    8449    6568   12985   13967   10497    9848   10442    7080    5459    4333    5128    4750    4540    5260    2794    2520
    2426    2763    2393    2217    5190    4811       0    5516    3380   12830   10543   19516   15316   21725   12594   11075   10023    5232       0    4296    3070    4669    3435    1549
    3274    1771    1914    3544    5201    7566    7086    9164   12659   16693       0       0       0       0   15365   10286    8724    4537    5101    5003    3485    4963    2556    2829
    3635    2576    1840    3268    5693    6888    8057    9401   14541   14053       0       0       0       0   18712   12611    9157    7910    5824    4672    5969    6489    3818    3373
    2726    3743    1251    1435    5961    5994    6209    9252   14181       0       0       0       0       0   18486   13527    9175    9271       0    4968    5323    4708    4057    2769
    2845    3222    2759    2668    6771    6846    7030    9096    9865    9460       0       0       0       0   15812   13464    5798    6792    5058    5838    3422    5822    4364    3123
    2023    2618    2020    2472    3329    8027    6309    8827    6981       0    9620   23032   19410   13304    8210    8729   10931    6661    6054    6892    5863    5142    3886    3404
    2024    1686    1955    1288    4363    6127    5535    5469    6942    6620   11055   11071   19268    4692    7497       0    5861    6472    7397    4396    3943    3028    2338    3214
    2301    3052    5823    3433    5787    5940    5630    7312    9380   10945   13062   11127    8064   10092   11137    8762    7322    5390    8048    4552    3737    2955    3662    3049
    2906    2317    3192    4019    3003    4972    4326      58    5692    7765    8773    8098    5847    6270    4770    8511    8024    6901    3055    3450    3161    2921     902    1024
    1910    1930    2275    3239    3317    4441    5853    3311    3761    4706    7545    6996    8187    5162    6537    5964    3841    2305       0    1948       0    1934       0    1830
    2310    2302    2509    2090    2370    3542    4019    1852    4237    5207    5165    5671    3068    5990    4709    5058    6025    7322    2355    3085    2274    2875    1793    1554
    1761    1799    2458    2300    2750    3701    4045    4011    4315    4658    5640    3763    5504    5123    3136    5734    3620    6201    3515    2140    2555    1618     242    1602
    1960    1778    1761    2162    2576    2402    2766    2913    2820    3470    3323    5206    1777    4760    4879    3420    2450    3058    4308    2825    1700    1073    1165    1643
    1147    1477    1831    1948    1699    2278    1757    1685    3323    3281    3487    3151    3364    3447    2415    2828    3319    2376    2505    2627    1520    1608    1366     968
    1033    1111    1138    1421    1495    1492       0    2018    1985    1745    1947    2653    1719    2219    1856    1952    1666    2141    2178    1588     740     682     849     123
     376    1995    2985    2573    1968    2115     781     190
    1193    4604    6898    8655   10086   11148    3892    2549
    2463    8786   18060   19027   13335   16332    7993    3296
    3976   13434   32407   41772   33277   24746   16564    2996
    4285   13867   24954   41875   32561   28081   12701    2562
    2999   10013   15563   24644   25063   17258    2248     195
    1859    3765    7217    8640    8733   23509    2874    2489
     992    1232    2110    1295    4126    1686     959       3

 sigma, sigma=sqrt(D-W**2)/W
 0.99995 0.99995 0.99996 0.99996 0.99997 0.00000 0.00000 0.99997 0.00000 0.99996 0.99996 0.99997 0.99994 0.99994 0.99993 0.99995 0.99995 0.99997 0.99995 0.99996 0.99995 0.00000 0.99996 0.99995
 0.99995 0.99995 0.00000 0.99996 0.99996 0.99996 0.99997 0.99997 0.99996 0.99995 0.99997 0.99993 0.99994 0.99995 0.99993 0.99995 0.99996 0.00000 0.99996 0.99995 0.99995 0.99995 0.99995 0.99996
 0.99995 0.00000 0.00000 0.00000 0.99996 0.00000 0.99996 0.00000 0.99996 0.99996 0.99995 0.99996 0.99995 0.99996 0.99994 0.99993 0.99995 0.00000 0.99996 0.99994 0.99995 0.99994 0.99997 0.99996
 0.99996 0.99996 0.00000 0.00000 0.99995 0.99996 0.99996 0.00000 0.99996 0.99996 0.99995 0.99995 0.00000 0.99996 0.99995 0.99992 0.99995 0.99996 0.99996 0.99994 0.99995 0.99995 0.99995 0.99995
 0.99987 0.99995 0.99997 0.99995 0.00000 0.99996 0.99996 0.00000 0.99996 0.99995 0.99995 0.99997 0.00000 0.99997 0.00000 0.99995 0.00000 0.00000 0.99996 0.99995 0.99994 0.99993 0.99996 0.99996
 0.99996 0.99996 0.99997 0.00000 0.99996 0.99996 0.99996 0.00000 0.99964 0.99996 0.99995 0.99996 0.00000 0.00000 0.99996 0.99992 0.99996 0.00000 0.99995 0.99994 0.99995 0.99994 0.99995 0.99996
 0.99995 0.99996 0.99997 0.00000 0.00000 0.00000 0.99997 0.00000 0.99996 0.99996 0.99996 0.99996 0.99993 0.99995 0.99981 0.99996 0.99993 0.99993 0.99995 0.99992 0.99993 0.99995 0.99995 0.99997
 0.99997 0.00000 0.00000 0.99997 0.99996 0.00000 0.99996 0.00000 0.99996 0.99995 0.99995 0.99995 0.00000 0.99995 0.00000 0.99996 0.99996 0.99996 0.99995 0.99995 0.99995 0.99995 0.99995 0.99995
 0.00000 0.99995 0.99995 0.99996 0.99996 0.99995 0.99994 0.99995 0.99995 0.99995 0.99993 0.99993 0.99993 0.99995 0.99994 0.99995 0.99995 0.99996 0.99995 0.99995 0.99995 0.99994 0.99995 0.99995
 0.99996 0.99995 0.99996 0.99996 0.99995 0.99995 0.00000 0.99996 0.99995 0.99994 0.99994 0.99993 0.99994 0.99992 0.99994 0.99993 0.99994 0.99995 0.00000 0.99995 0.99996 0.99994 0.99995 0.99996
 0.99995 0.99996 0.99996 0.99996 0.99995 0.99994 0.99994 0.99994 0.99993 0.99994 0.00000 0.00000 0.00000 0.00000 0.99994 0.99995 0.99995 0.99996 0.99995 0.99995 0.99995 0.99994 0.99996 0.99995
 0.99994 0.99996 0.99996 0.99996 0.99995 0.99994 0.99994 0.99994 0.99994 0.99995 0.00000 0.00000 0.00000 0.00000 0.99994 0.99994 0.99995 0.99995 0.99995 0.99995 0.99994 0.99993 0.99994 0.99995
 0.99995 0.99994 0.99996 0.99997 0.99995 0.99994 0.99995 0.99995 0.99994 0.00000 0.00000 0.00000 0.00000 0.00000 0.99993 0.99994 0.99995 0.99993 0.00000 0.99995 0.99994 0.99994 0.99994 0.99995
 0.99995 0.99994 0.99996 0.99995 0.99993 0.99994 0.99994 0.99995 0.99995 0.99996 0.00000 0.00000 0.00000 0.00000 0.99994 0.99994 0.99996 0.99995 0.99995 0.99995 0.99996 0.99993 0.99994 0.99995
 0.99996 0.99996 0.99996 0.99996 0.99996 0.99992 0.99995 0.99994 0.99995 0.00000 0.99995 0.99993 0.99993 0.99995 0.99996 0.99995 0.99994 0.99995 0.99995 0.99994 0.99994 0.99994 0.99995 0.99995
 0.99996 0.99996 0.99996 0.99996 0.99995 0.99994 0.99995 0.99995 0.99995 0.99996 0.99994 0.99995 0.99992 0.99997 0.99996 0.00000 0.99996 0.99995 0.99994 0.99995 0.99995 0.99995 0.99996 0.99994
 0.99995 0.99995 0.99993 0.99995 0.99993 0.99994 0.99995 0.99994 0.99994 0.99993 0.99992 0.99994 0.99995 0.99994 0.99994 0.99994 0.99994 0.99995 0.99993 0.99995 0.99995 0.99995 0.99994 0.99994
 0.99994 0.99995 0.99995 0.99994 0.99996 0.99994 0.99995 0.99997 0.99995 0.99994 0.99994 0.99994 0.99996 0.99995 0.99996 0.99994 0.99993 0.99993 0.99996 0.99996 0.99995 0.99995 0.99997 0.99996
 0.99995 0.99996 0.99996 0.99994 0.99995 0.99995 0.99994 0.99995 0.99996 0.99996 0.99994 0.99994 0.99994 0.99996 0.99994 0.99994 0.99996 0.99996 0.00000 0.99996 0.00000 0.99996 0.00000 0.99995
 0.99994 0.99995 0.99995 0.99996 0.99996 0.99995 0.99995 0.99996 0.99995 0.99995 0.99995 0.99995 0.99996 0.99994 0.99995 0.99994 0.99993 0.99992 0.99996 0.99995 0.99995 0.99995 0.99995 0.99995
 0.99995 0.99995 0.99995 0.99995 0.99995 0.99994 0.99994 0.99994 0.99995 0.99995 0.99994 0.99995 0.99994 0.99995 0.99996 0.99992 0.99995 0.99991 0.99994 0.99996 0.99994 0.99996 0.99997 0.99996
 0.99994 0.99995 0.99996 0.99995 0.99995 0.99996 0.99996 0.99995 0.99996 0.99996 0.99996 0.99994 0.99997 0.99994 0.99994 0.99995 0.99995 0.99995 0.99993 0.99995 0.99996 0.99996 0.99996 0.99996
 0.99996 0.99995 0.99995 0.99995 0.99996 0.99995 0.99996 0.99997 0.99995 0.99995 0.99995 0.99995 0.99995 0.99995 0.99996 0.99995 0.99994 0.99995 0.99995 0.99994 0.99995 0.99995 0.99995 0.99993
 0.99994 0.99995 0.99996 0.99996 0.99996 0.99996 0.00000 0.99996 0.99996 0.99996 0.99996 0.99995 0.99996 0.99996 0.99996 0.99996 0.99996 0.99995 0.99994 0.99996 0.99996 0.99996 0.99996 0.99991
 0.99995 0.99993 0.99982 0.99985 0.99990 0.99988 0.99992 0.99993
 0.99990 0.99993 0.99991 0.99990 0.99990 0.99989 0.99993 0.99985
 0.99992 0.99992 0.99990 0.99991 0.99993 0.99991 0.99993 0.99988
 0.99992 0.99992 0.99991 0.99992 0.99993 0.99993 0.99987 0.99989
 0.99993 0.99994 0.99994 0.99993 0.99994 0.99992 0.99990 0.99986
 0.99993 0.99993 0.99992 0.99992 0.99992 0.99991 0.99996 0.99990
 0.99991 0.99994 0.99989 0.99991 0.99992 0.99989 0.99992 0.99991
 0.99993 0.99992 0.99985 0.99988 0.99985 0.99992 0.99993 0.00000

 sigma/sqrt(N)
    0.04    0.03    0.06    0.05    0.04    0.00    0.00    0.04    0.00    0.02    0.02    0.03    0.02    0.02    0.02    0.02    0.02    0.03    0.02    0.03    0.03    0.00    0.03    0.04
    0.03    0.03    0.00    0.05    0.03    0.03    0.04    0.24    0.03    0.02    0.02    0.01    0.01    0.02    0.01    0.02    0.02    0.00    0.03    0.02    0.02    0.03    0.03    0.03
    0.04    0.00    0.00    0.00    0.03    0.00    0.02    0.00    0.02    0.02    0.02    0.02    0.02    0.17    0.02    0.01    0.02    0.00    0.02    0.03    0.02    0.02    0.06    0.03
    0.03    0.03    0.00    0.00    0.02    0.03    0.02    0.00    0.02    0.02    0.02    0.02    0.00    0.15    0.02    0.01    0.02    0.02    0.02    0.02    0.02    0.02    0.02    0.03
    0.04    0.02    0.01    0.08    0.00    0.03    0.02    0.00    0.02    0.02    0.02    0.38    0.00    0.02    0.00    0.02    0.00    0.00    0.02    0.02    0.02    0.02    0.03    0.03
    0.02    0.02    0.01    0.00    0.03    0.03    0.02    0.00    0.02    0.02    0.01    0.02    0.00    0.00    0.02    0.01    0.02    0.00    0.02    0.02    0.02    0.02    0.02    0.03
    0.02    0.02    0.01    0.00    0.00    0.00    0.02    0.00    0.02    0.01    0.01    0.01    0.02    0.02    0.03    0.01    0.01    0.02    0.02    0.01    0.01    0.02    0.02    0.03
    0.03    0.00    0.00    0.06    0.03    0.00    0.21    0.00    0.02    0.01    0.01    0.01    0.00    0.01    0.00    0.01    0.02    0.21    0.02    0.02    0.02    0.02    0.02    0.02
    0.00    0.02    0.02    0.02    0.02    0.02    0.01    0.01    0.01    0.01    0.01    0.01    0.01    0.01    0.01    0.01    0.01    0.02    0.01    0.01    0.01    0.01    0.02    0.02
    0.02    0.02    0.02    0.02    0.01    0.01    0.00    0.01    0.02    0.01    0.01    0.01    0.01    0.01    0.01    0.01    0.01    0.01    0.00    0.02    0.02    0.01    0.02    0.03
    0.02    0.02    0.02    0.02    0.01    0.01    0.01    0.01    0.01    0.01    0.00    0.00    0.00    0.00    0.01    0.01    0.01    0.01    0.01    0.01    0.02    0.01    0.02    0.02
    0.02    0.02    0.02    0.02    0.01    0.01    0.01    0.01    0.01    0.01    0.00    0.00    0.00    0.00    0.01    0.01    0.01    0.01    0.01    0.01    0.01    0.01    0.02    0.02
    0.02    0.02    0.03    0.03    0.01    0.01    0.01    0.01    0.01    0.00    0.00    0.00    0.00    0.00    0.01    0.01    0.01    0.01    0.00    0.01    0.01    0.01    0.02    0.02
    0.02    0.02    0.02    0.02    0.01    0.01    0.01    0.01    0.01    0.01    0.00    0.00    0.00    0.00    0.01    0.01    0.01    0.01    0.01    0.01    0.02    0.01    0.02    0.02
    0.02    0.02    0.02    0.02    0.02    0.01    0.01    0.01    0.01    0.00    0.01    0.01    0.01    0.01    0.01    0.01    0.01    0.01    0.01    0.01    0.01    0.01    0.02    0.02
    0.02    0.02    0.02    0.03    0.02    0.01    0.01    0.01    0.01    0.01    0.01    0.01    0.01    0.01    0.01    0.00    0.01    0.01    0.01    0.02    0.02    0.02    0.02    0.02
    0.02    0.02    0.01    0.02    0.01    0.01    0.01    0.01    0.01    0.01    0.01    0.01    0.01    0.01    0.01    0.01    0.01    0.01    0.01    0.01    0.02    0.02    0.02    0.02
    0.02    0.02    0.02    0.02    0.02    0.01    0.02    0.13    0.01    0.01    0.01    0.01    0.01    0.01    0.01    0.01    0.01    0.01    0.02    0.02    0.02    0.02    0.03    0.03
    0.02    0.02    0.02    0.02    0.02    0.02    0.01    0.02    0.02    0.01    0.01    0.01    0.01    0.01    0.01    0.01    0.02    0.02    0.00    0.02    0.00    0.02    0.00    0.02
    0.02    0.02    0.02    0.02    0.02    0.02    0.02    0.02    0.02    0.01    0.01    0.01    0.02    0.01    0.01    0.01    0.01    0.01    0.02    0.02    0.02    0.02    0.02    0.03
    0.02    0.02    0.02    0.02    0.02    0.02    0.02    0.02    0.02    0.01    0.01    0.02    0.01    0.01    0.02    0.01    0.02    0.01    0.02    0.02    0.02    0.02    0.06    0.02
    0.02    0.02    0.02    0.02    0.02    0.02    0.02    0.02    0.02    0.02    0.02    0.01    0.02    0.01    0.01    0.02    0.02    0.02    0.02    0.02    0.02    0.03    0.03    0.02
    0.03    0.03    0.02    0.02    0.02    0.02    0.02    0.02    0.02    0.02    0.02    0.02    0.02    0.02    0.02    0.02    0.02    0.02    0.02    0.02    0.03    0.02    0.03    0.03
    0.03    0.03    0.03    0.03    0.03    0.03    0.00    0.02    0.02    0.02    0.02    0.02    0.02    0.02    0.02    0.02    0.02    0.02    0.02    0.03    0.04    0.04    0.03    0.09
    0.05    0.02    0.02    0.02    0.02    0.02    0.04    0.07
    0.03    0.01    0.01    0.01    0.01    0.01    0.02    0.02
    0.02    0.01    0.01    0.01    0.01    0.01    0.01    0.02
    0.02    0.01    0.01    0.00    0.01    0.01    0.01    0.02
    0.02    0.01    0.01    0.00    0.01    0.01    0.01    0.02
    0.02    0.01    0.01    0.01    0.01    0.01    0.02    0.07
    0.02    0.02    0.01    0.01    0.01    0.01    0.02    0.02
    0.03    0.03    0.02    0.03    0.02    0.02    0.03    0.00

