0
1
2
3
5
6
8
12
13
14
21
24
25
26
27
31
36
37
38
41
42
43
48
49
50
51
52
53
54
55
60
61
63
65
66
69
70
74
75
76
79
84
85
87
94
96
97
99
100
103
107
108
109
110
112
113
117
118
123
127
132
133
134
135
137
146
147
148
149
151
158
160
169
170
171
173
174
175
180
182
185
192
195
222
234
242
250
251
252
253
266
274
275
276
277
297
298
299
300
301
302
306
314
317
321
322
323
324
325
328
345
350
363
367
373
375
420
431
450
452
454
456
458
473
481
482
497
502
553
558
573
575
576
580
591
595
597
603
612
614
618
626
629
