 delta for calibr coefs, delta=-1+mpi0t*weight/mpi0r
 0.04500 0.03556 0.10787 0.08607-0.00336 0.00000 0.00000 0.01851 0.00000 0.01223 0.01037 0.00765 0.01416 0.00856 0.00896 0.00185 0.01270 0.01392 0.01337 0.00268 0.00935 0.00000 0.00054 0.05458
 0.04031 0.03392 0.00000 0.08586 0.00881-0.00338-0.00309 0.05937 0.00636 0.01179 0.00424 0.00360-0.00303 0.01011 0.00307-0.00152 0.00487 0.00000 0.01094 0.00332-0.00306-0.00220 0.00251 0.00786
 0.04683 0.00000 0.00000 0.00000 0.01099 0.00000 0.01242 0.00000 0.00435 0.00474 0.00569 0.00085 0.00877 0.06667-0.00072-0.01327 0.00587 0.00000-0.00322-0.00142-0.01720-0.01083-0.01609 0.01432
 0.00911 0.01438 0.00000 0.00000 0.00369 0.00714 0.00642 0.00000 0.00688 0.00668 0.00584 0.01071 0.00000 0.07419 0.01259 0.00244 0.00566 0.00747 0.01571 0.00448-0.00459 0.00162 0.01377 0.00715
 0.03657 0.01215 0.00139 0.06172 0.00000 0.01027 0.00662 0.00000 0.00872 0.01472 0.00283 0.00000 0.00000-0.00764 0.03121 0.00122-0.02202 0.00000 0.01161 0.00526 0.00629 0.00970 0.05725 0.01109
 0.00487-0.00025 0.00154 0.00000 0.00770-0.01182 0.00995 0.00000 0.02668 0.01322 0.00379 0.01082 0.00000 0.00000-0.00094 0.00071 0.00682 0.00000 0.00971 0.00290 0.00413 0.00274 0.00878 0.00964
 0.00268 0.00386 0.00023 0.00000 0.00000 0.00000 0.01102 0.00000 0.00367 0.00793 0.00323 0.00023 0.01582 0.01719 0.03021-0.00244-0.03442 0.00194 0.00289 0.00307 0.00006-0.00042 0.01624 0.03036
 0.01506 0.00000 0.00000-0.00423 0.02300 0.00000-0.00946 0.00000 0.00939 0.01872 0.00191-0.00009 0.00000 0.01575 0.02314-0.01724-0.00391 0.04187 0.01796 0.00876 0.00627 0.00832 0.02198 0.00551
 0.00000 0.01337 0.00337 0.00589 0.02104 0.02205 0.00377 0.00932 0.00255 0.02856 0.00273 0.00027 0.00412 0.00293 0.00726-0.00269 0.00820 0.00716 0.00590 0.01122 0.00287-0.00081 0.00623 0.00773
 0.00636 0.00316 0.01219 0.02197 0.00670 0.01185 0.00000 0.01602 0.10040 0.01352 0.05877 0.01411 0.00120 0.01136 0.00984 0.01546-0.00018 0.01242 0.00000 0.01934 0.01179 0.01280 0.00380 0.01374
 0.00733 0.00671 0.00517 0.00076 0.01334 0.00630 0.00942 0.00436 0.00852 0.01604 0.00000 0.00000 0.00000 0.00000 0.01870 0.00628 0.00514 0.03547 0.00769 0.00153-0.01004 0.00173 0.00124 0.00931
 0.01143 0.02007 0.01616 0.00673 0.00498 0.00601 0.00609 0.01192 0.00500 0.00727 0.00000 0.00000 0.00000 0.00000 0.00509-0.00300-0.00402 0.00270 0.00435 0.00684 0.00963 0.00340 0.00988 0.01000
 0.01155 0.02064 0.03866 0.00094 0.00590 0.02537 0.01328 0.01246 0.00374 0.00000 0.00000 0.00000 0.00000 0.00000 0.01108-0.00085 0.00136 0.00476 0.00000 0.01183 0.01095 0.02576 0.01099 0.00729
 0.00411 0.00522-0.00527 0.00968 0.00583-0.01450 0.00965 0.00593 0.00200 0.00014 0.00000 0.00000 0.00000 0.00000 0.00316 0.00777 0.00273 0.01780 0.03176 0.00827 0.00798 0.00832 0.01296 0.00833
 0.00653 0.00744 0.01433 0.02351 0.01940 0.04137 0.01918 0.00526 0.00840 0.00000 0.00962 0.00970 0.01686-0.03165 0.06500 0.01583 0.00810-0.00261 0.00705 0.00650 0.01190 0.00320 0.00379 0.00980
 0.01223 0.01798 0.03556 0.07151 0.00933 0.00882 0.00965 0.00928 0.00216 0.00440 0.01595 0.00536 0.01613 0.03023 0.00895 0.00000 0.00978 0.01883 0.00634 0.00965 0.01389 0.01839 0.01173 0.00729
 0.01814 0.00742-0.02550-0.00394 0.01423 0.01103 0.01733 0.01525 0.00218 0.01039 0.01161 0.01526 0.01638 0.00138 0.01015 0.00599 0.00121 0.00516 0.00932 0.01307 0.02115 0.03556 0.02168 0.02527
 0.00663-0.00380 0.01032 0.01347 0.00967 0.01987 0.01987-0.03442 0.01830 0.01016 0.01400 0.01281 0.00090 0.01160 0.01246 0.00580 0.00680 0.00466 0.01091 0.01131 0.01365 0.02077 0.02272 0.03697
 0.01798 0.01477 0.01011 0.01715 0.01610 0.01836 0.01615 0.04353 0.01327 0.00419 0.01092 0.00871-0.00305 0.00207 0.01225 0.00560 0.00867 0.00381 0.00000 0.02103 0.00000 0.00975 0.00000 0.01654
 0.01373 0.00682 0.02025 0.02451 0.01834 0.00870 0.00946 0.02461 0.01107 0.00696 0.00816 0.00861 0.01058 0.00383 0.00347 0.02165 0.00862 0.00170 0.02913 0.01478 0.01399 0.00046 0.01950 0.01911
 0.00944 0.01571 0.00934 0.00894 0.00840 0.00289 0.00790 0.01108 0.00806 0.00186 0.00448 0.02764 0.00385-0.00981-0.00120 0.02072 0.00583 0.00725 0.00551 0.00343 0.01777 0.01087 0.00000 0.00123
 0.01280 0.01355 0.00630-0.00490 0.00677 0.00359 0.00311 0.00601 0.01050 0.00177 0.00526 0.01227 0.01745 0.01006 0.01686 0.00704 0.00536 0.00161 0.00141 0.00127 0.01776 0.01297 0.01225 0.01100
-0.00023 0.00919 0.00013 0.00419 0.00788 0.00059 0.01324-0.01699-0.00108-0.00124-0.00338 0.00338 0.00319 0.00335 0.00113 0.00605 0.00075-0.00014 0.00472 0.00665 0.01358 0.01323 0.01864 0.02679
 0.03297 0.02967 0.00960 0.00328 0.00577 0.00486 0.00000 0.01009-0.00135 0.00367-0.01191 0.00408 0.00380 0.00267 0.00091 0.00731 0.00658 0.00046 0.00680 0.00689 0.04227 0.01473 0.02271 0.02690
 0.03222 0.03038 0.01617 0.01556 0.00456 0.01899 0.02398 0.01690
 0.04189 0.03965 0.00938 0.00875 0.00985 0.00698 0.01418 0.01497
 0.04107 0.03769 0.01254 0.01489 0.00976 0.01449 0.01260 0.01352
 0.03517 0.03979 0.01297 0.01001 0.01413 0.01581 0.01236 0.02308
 0.03960 0.03025 0.02162 0.01218 0.01378 0.01637 0.02059 0.03213
 0.03639 0.03194 0.01290 0.00871 0.01303 0.01446 0.01135 0.03158
 0.04399 0.01876 0.04338 0.01566 0.01000 0.00311-0.01099 0.00479
 0.00634 0.02364 0.05304 0.02364-0.00310-0.02097-0.01152 0.04380

 weights, W=(weight1+weight2+...)
90253.02********20996.9443488.73********    0.00    0.00********    0.00************************************************************************************************    0.00********63753.04
****************    0.0055550.80************************ 1890.72************************************************************************    0.00************************************************
82286.89    0.00    0.00    0.00********    0.00********    0.00**************************************** 1697.37************************    0.00********************************68588.37********
****************    0.00    0.00************************    0.00********************************    0.00 2086.77********************************************************************************
10392.21****************16534.65    0.00****************    0.00************************    0.00    0.00********  114.80********   20.16    0.00******************************** 7279.47********
************************    0.00************************    0.0012160.00************************    0.00    0.00************************    0.00************************************************
************************    0.00    0.00    0.00********    0.00************************************************ 2827.95************************************************************************
********    0.00    0.0071462.99********    0.00    8.64    0.00********************************    0.00********   99.20****************   75.41************************************************
    0.00****************************************************************************************************************************************************************************************
************************************************    0.00****************************************************************************************    0.00****************************************
********************************************************************************    0.00    0.00    0.00    0.00********************************************************************************
********************************************************************************    0.00    0.00    0.00    0.00********************************************************************************
************************************************************************    0.00    0.00    0.00    0.00    0.00********************************    0.00****************************************
********************************************************************************    0.00    0.00    0.00    0.00********************************************************************************
************************************************************************    0.00****************************************************************************************************************
************************************************************************************************************************    0.00****************************************************************
************************************************************************************************************************************************************************************************
********************************************************50397.80********************************************************************************************************************************
************************************************************************************************************************************************    0.00********    0.00********    0.00********
************************************************************************************************************************************************************************************************
********************************************************************************************************************************************************************************    0.00********
************************************************************************************************************************************************************************************************
****************************************************************************************************************************************************************************************60139.25
************************************************    0.00******************************************************************************************************************************** 1004.46
36406.6085150.4152538.4951490.5979221.5064146.4427046.32 9039.63
14577.33************************************************52728.86
84451.90********************************************************
****************************************************************
********************************************************71921.24
******************************************************** 2903.94
 6291.01********73462.16********************************94785.47
58612.6170969.4124192.2237513.84********98651.9656770.80 1094.22

 D, D=(weight1**2+weight2**2+...)
  492.10  694.48   39.53  124.84 1296.50    0.00    0.00 1344.67    4.41 1908.92 2192.51 1776.27 2176.21 2005.52 1917.61 1894.83 1720.05 1724.38 1382.10 1237.02 1290.18    0.00 1249.99  330.56
  577.19  721.36    0.00  203.18 1428.40 1127.27 1044.47    4.59 1429.75 1808.67 1621.40 2153.01 1871.66 1730.77 1700.28 1579.65 1467.56    0.00 1119.01 1088.21  982.02  825.67  764.39 3430.73
  460.89    0.00    0.05    0.00 1431.65    0.00 1832.62    0.06 1591.91 1885.41 2246.24 1891.46 2742.63    3.10 1941.57 1994.22 1864.71    0.00 2882.40 1076.34 1136.04 1430.38  374.43  960.50
 1235.90 1131.27    0.00    0.00 2255.18 2054.84 1873.68    0.00 2220.12 2221.59 2613.01 3149.83    0.00    4.78 2608.67 2098.43 2289.08 2484.00 1135.98 1538.08 1151.65  962.42 1071.23 1335.72
   17.89 1273.44 7125.60  106.25    0.00 2189.28 2437.34    0.06 2664.11 2842.40 3138.98    0.91    0.00 3369.91    0.05 2563.69    0.01    0.01 2268.44 1660.00 1528.69 1572.83   20.49 1592.02
 1645.98 1283.66 7654.48    0.00 2299.66 2939.76 2660.14    0.01   28.07 3041.25 3583.62 3626.79    0.00    0.00 3375.13 3111.31 3192.31    0.02 2321.69 1991.54 1603.58 1538.51 1376.27 1532.02
 1670.14 1503.4718564.88    0.00    0.00    0.00 3666.12    0.27 4147.01 3954.69 4302.83 4407.85 2834.05 2695.07    1.28 3618.34 3676.55 3273.92 2464.50 2258.33 2041.46 1681.03 1511.51 1023.88
 2190.30    0.00    0.00  519.78 1885.82    0.00    0.00    0.00 4028.30 4403.88 4869.19 3980.51    0.00 4453.74    0.07 4775.31 3450.80    0.07 2939.17 2502.87 2134.17 1941.35 1128.09 2307.25
    0.00 1912.96 2370.96 3094.20 2865.27 2853.71 4390.29 4610.49 5491.80 4585.15 6139.87 6442.06 4940.62 5899.29 6180.42 4720.76 4339.99 3899.68 3406.29 2606.62 2554.29 2398.29 1693.65 2250.53
 2289.13 1912.55 2231.34 2021.85 3508.08 3555.70    0.00 4919.17 1953.08 7122.26 6255.60 8931.98 8694.36 8380.94 6541.52 5526.80 5354.43 4391.77    0.00 3188.31 2339.54 2228.09 2111.23 1704.18
 2505.88 1502.16 1830.50 3118.35 3331.42 3596.55 4429.20 5100.40 6214.38 8304.77    0.00    0.00    0.00    0.00 8003.68 6403.06 5697.23 3951.51 4155.53 3363.05 2895.49 2416.43 1636.39 2509.14
 2367.10 1969.46 1862.61 3241.16 3822.96 3723.36 4228.32 5601.48 7024.6211562.99    0.00    0.00    0.00    0.0012291.02 7647.26 6063.50 5162.50 4994.48 3245.02 2718.78 2595.69 1603.61 2505.89
 2272.61 2184.63 1190.47 1923.93 4070.47 3164.05 4644.45 5834.41 7976.49    0.00    0.00    0.00    0.00    0.0013139.32 7828.21 6125.35 5306.13    0.00 3501.72 2605.04 1900.81 1771.09 2396.77
 2424.45 1621.42 3118.98 2123.12 3230.01 3421.29 3898.58 5995.00 7434.3710012.37    0.00    0.00    0.00    0.00 8404.99 7439.56 5289.10 4930.01 3733.98 3491.25 2359.20 2448.64 1860.17 2453.25
 2268.39 2148.74 1865.57 2806.22 3024.95 3302.07 4124.48 5415.70 5882.12    0.00 7992.9511357.9010458.08 9763.48 6454.04 7497.26 6026.93 4670.62 3713.31 3392.18 2951.19 2334.27 1812.91 2302.86
 2231.31 1446.16 1989.88 1266.28 3548.65 3710.67 4105.11 4638.14 5473.13 5707.91 6878.02 6859.08 8134.42 6378.84 7319.53    0.00 5335.75 4017.84 3479.97 2811.70 2716.06 2117.15 1522.80 2349.15
 2010.98 1637.51 2463.81 2539.00 2545.52 3343.00 3524.46 4505.10 4934.11 5153.39 5691.98 5468.51 5667.33 6699.15 5813.88 4913.76 4217.09 3225.01 3281.91 2917.84 2385.88 1690.08 1608.92 2314.28
 2081.96 1556.59 1794.60 2218.72 2250.28 2856.49 3403.35  316.48 4190.32 4355.50 4685.81 4619.63 4686.87 4742.66 4055.05 4064.33 3551.15 3408.57 2760.28 2614.68 2321.81 2004.58 1075.74 2430.25
 1611.18 1393.64 1732.83 1864.35 2073.44 2623.37 2966.18 3114.55 3272.21 3676.02 4176.54 4139.35 4840.73 3868.54 4062.18 3444.39 2760.01 2342.04    0.00 2507.87    0.00 2158.06    0.00 2132.67
 1467.38 1391.30 1406.05 1503.12 1758.66 2277.02 2407.03 2410.10 3096.87 3418.36 3639.21 3844.08 2954.16 3776.22 3375.15 2769.19 2699.04 2766.81 1985.55 2111.03 1669.07 1739.39 1283.98 1440.02
 1410.71  974.24 1396.33 1503.37 1716.94 2030.13 2168.43 2469.80 2709.51 2928.19 3190.65 2605.53 3420.27 3123.21 2539.73 2392.45 2305.03 2052.81 1899.55 1544.29 1373.79 1570.72    0.00 1503.50
 1210.07 1098.22 1247.33 1626.81 1677.24 2000.85 2196.10 2544.15 2447.21 2925.76 2825.90 3256.24 2064.79 2514.69 2711.76 2478.74 1676.82 1949.69 1880.78 1682.12 1448.86 1462.69 1344.44  461.16
 1124.87  930.30 1160.50 1217.71 1443.04 1741.52 2007.66 2029.90 2203.34 2484.50 2338.74 2461.64 2519.13 2463.82 2133.32 2056.24 2065.68 1624.57 1450.25 1401.34 1150.05 1104.63  947.98  185.27
  754.83  800.22 1158.99 1410.14 1473.75 1942.36    0.00 2426.08 2353.32 2340.36 2432.44 2665.39 2165.25 2311.46 2254.93 2137.80 1878.77 1898.04 1559.92 1550.16  783.88  827.81 1052.18    0.50
  144.48  227.32  162.35  160.22  305.16  237.42   90.89   33.66
   19.55  852.19 1458.84 1567.08 1831.30 1895.20 1088.31  171.83
  219.55  630.15 2894.41 3199.01 3252.50 3110.46 2241.08  368.52
  379.21  655.82 4684.89 7641.29 6287.75 5154.65 2807.00  524.72
  344.90 2242.66 5708.60 8600.04 7488.12 5975.95 2044.35  180.88
  670.25 1287.32 4051.48 5679.68 5724.48 3948.00 3592.97    6.08
    2.10 1637.66  202.88 2066.14 2304.62 2648.28  351.93  261.84
  223.16  270.64   49.54  101.28  395.01  394.52  230.53    7.98

 statistika, N:
    1774    2256     826    1066    1773       0       0    1553       4    4249    4962    3071    8026    8856    8878    6401    5403    3118    4589    3839    3650       0    2824    1251
    2184    2474       0    1066    2809    2318    1617      55    3010    5637    3583   10031   10554    6075   11729    7988    4597       0    3300    5528    4490    3140    3710    5560
    1473       0       2       0    2679       0    3890       1    3382    4266    6128    6046    7755      84    9325   13633    6276       1    5476    6271    5366    6150     794    2414
    2478    2757       0       0    5926    3588    3639       0    4462    5157    7612    7007       0      86    7363   14948    7418    5205    4338    7090    5499    5530    3861    3708
    1653    4203   93657     227       0    3907    4132       1    4155    7309    8016       1       0    3639      20    7415       6       3    5852    6656    8467    8714     395    3159
    3935    4333   94055       0    4389    5927    6286       1    3421    5721    9157    6708       0       0    5802   16229    7472       3    6790    8910    6225    7021    5044    3492
    5772    4169   93903       0       0       0    5296       1    6880    8907   10575   10313    8418    6776    2192    9545   18530   10178    8229   14608   10760    6357    4831    1842
    3303       0       0     576    2966       0       7       0    7549   12247   14826    9696       0   11359      15   11926    7372       8    7983    8825    8030    6151    3897    6613
       0    4931    7205    6257    7698    8623   11761   13010   16317   12639   25272   27364   20607   18969   20570   13834   11755    8746   10613    9957    9903   11795    6108    6295
    5386    6385    5478    4757   10751    9869       0   10552    6507   24913   18937   38344   28542   40976   24441   21687   19613   10496       0    9189    7277   10251    7732    3533
    7091    3942    4129    7541   10678   14987   14570   18078   24284   32357       0       0       0       0   29517   20198   16826    8951   10671   10794    8411   11002    5927    6686
    7814    5613    4051    6946   11973   14382   16168   18677   28679   30116       0       0       0       0   43072   26079   17914   15648   12218    9922   12843   14134    8486    7633
    6040    8127    2755    3066   12345   12152   12601   17737   27824       0       0       0       0       0   48845   26976   18132   18350       0   10415   11289   10028    9235    6473
    6023    7012    6479    6122   14429   14079   14077   17957   20003   19283       0       0       0       0   34877   26647   11188   13422   10733   12557    7547   12925   10605    7153
    4459    5645    4610    5582    7212   16388   12828   17504   13635       0   19124   44425   37951   27221   15276   16876   21611   13605   12544   14606   12826   11743    8949    7946
    4344    3509    4230    2773    9576   12819   11418   11404   13820   13227   22153   22012   36310    9821   14852       0   12119   12837   15430    9400    8902    6772    5260    7391
    5359    6989   12548    7951   12389   12655   11469   14565   18786   21727   26750   21092   15445   19780   21383   17822   14714   10643   16073    9681    7872    6391    8236    7884
    7074    5623    7067    8996    6961   10807    9312     452   11351   15558   17436   16176   11378   12405    9402   16586   15988   14779    6589    7278    7086    6534    1896    3411
    4717    4624    5446    7346    7737    9865   12912    7203    7908   10149   14946   14696   17159   10248   13140   12442    8117    4827       0    4339       0    4561       0    4177
    5608    5744    6221    4636    5623    8057    9378    6182    9666   11260   11253   12057    6322   12436   10377   11104   13316   16238    5049    7115    5337    6880    4162    3931
    4360    4338    6101    5748    6998    9191    9733   10180    9801   10898   12775    8619   11504   11473    7153   13171    8617   14560    8404    4954    5904    3904       0    3909
    4950    4466    4560    5705    6181    6113    6666    7317    7150    8080    7836   12813    4069   10718   11288    7964    5795    7501   10729    6791    4168    2695    3054    3947
    2940    3662    4934    5072    4460    5984    4525    4636    8288    8456    8478    8224    8164    8129    5883    7100    8260    5952    6227    6804    3986    4237    3545    2405
    2637    2738    2938    3815    3966    3765       0    5290    5378    4558    4971    6829    4368    5435    4625    4895    4195    5478    5561    4069    1841    1644    2044     306
     996    4306    5815    4570    3659    3607    1408     320
    2287    9651   12890   15325   17739   19469    7167    4644
    4924   16364   33790   33110   22957   29235   15427    6732
    8076   23815   53598   66945   50519   41623   38792    7060
    9420   25922   42580   71771   52556   50813   29751    6691
    7497   18635   32865   50990   49852   35950    6779     337
    4511    7938    7016   19073   19299   49155    6903    5844
    2166    3250    3550    3093    8888    3713    1860       9

 sigma, sigma=sqrt(D-W**2)/W
 0.99995 0.99995 0.99996 0.99996 0.99997 0.00000 0.00000 0.99997 0.00000 0.99996 0.99996 0.99997 0.99994 0.99993 0.99993 0.99995 0.99995 0.99996 0.99995 0.99996 0.99995 0.00000 0.99996 0.99995
 0.99995 0.99995 0.00000 0.99996 0.99996 0.99996 0.99997 0.99996 0.99996 0.99995 0.99997 0.99994 0.99994 0.99995 0.99993 0.99995 0.99996 0.00000 0.99996 0.99995 0.99995 0.99996 0.99995 0.99997
 0.99995 0.00000 0.00000 0.00000 0.99996 0.00000 0.99996 0.00000 0.99996 0.99996 0.99996 0.99996 0.99995 0.99995 0.99994 0.99993 0.99995 0.00000 0.99996 0.99994 0.99995 0.99995 0.99997 0.99996
 0.99996 0.99996 0.00000 0.00000 0.99995 0.99996 0.99996 0.00000 0.99996 0.99996 0.99995 0.99996 0.00000 0.99995 0.99995 0.99992 0.99995 0.99996 0.99995 0.99995 0.99995 0.99995 0.99995 0.99995
 0.99986 0.99995 0.99997 0.99996 0.00000 0.99996 0.99996 0.00000 0.99997 0.99995 0.99996 0.00000 0.00000 0.99997 0.99996 0.99996 0.99996 0.00000 0.99996 0.99995 0.99994 0.99993 0.99992 0.99996
 0.99996 0.99996 0.99997 0.00000 0.99996 0.99996 0.99996 0.00000 0.99968 0.99996 0.99996 0.99996 0.00000 0.00000 0.99996 0.99993 0.99996 0.00000 0.99995 0.99994 0.99995 0.99995 0.99995 0.99996
 0.99995 0.99996 0.99997 0.00000 0.00000 0.00000 0.99997 0.00000 0.99996 0.99996 0.99996 0.99996 0.99994 0.99995 0.99983 0.99996 0.99993 0.99994 0.99995 0.99992 0.99994 0.99995 0.99995 0.99996
 0.99997 0.00000 0.00000 0.99997 0.99996 0.00000 0.99996 0.00000 0.99996 0.99995 0.99995 0.99996 0.00000 0.99995 0.99995 0.99996 0.99996 0.99995 0.99995 0.99995 0.99995 0.99996 0.99996 0.99995
 0.00000 0.99995 0.99995 0.99996 0.99996 0.99995 0.99995 0.99995 0.99995 0.99995 0.99993 0.99993 0.99993 0.99995 0.99994 0.99995 0.99995 0.99996 0.99995 0.99995 0.99995 0.99994 0.99996 0.99995
 0.99996 0.99995 0.99996 0.99996 0.99995 0.99995 0.00000 0.99996 0.99995 0.99994 0.99995 0.99993 0.99995 0.99992 0.99994 0.99994 0.99994 0.99995 0.00000 0.99995 0.99996 0.99994 0.99995 0.99996
 0.99995 0.99996 0.99996 0.99996 0.99995 0.99994 0.99995 0.99994 0.99994 0.99994 0.00000 0.00000 0.00000 0.00000 0.99994 0.99995 0.99995 0.99996 0.99996 0.99995 0.99996 0.99994 0.99996 0.99995
 0.99994 0.99996 0.99996 0.99996 0.99995 0.99994 0.99994 0.99994 0.99994 0.99995 0.00000 0.00000 0.00000 0.00000 0.99994 0.99994 0.99995 0.99995 0.99996 0.99995 0.99994 0.99993 0.99994 0.99995
 0.99995 0.99994 0.99996 0.99997 0.99995 0.99994 0.99995 0.99995 0.99994 0.00000 0.00000 0.00000 0.00000 0.00000 0.99994 0.99994 0.99995 0.99994 0.00000 0.99995 0.99994 0.99994 0.99994 0.99995
 0.99995 0.99994 0.99996 0.99995 0.99993 0.99995 0.99995 0.99995 0.99995 0.99996 0.00000 0.00000 0.00000 0.00000 0.99993 0.99994 0.99996 0.99995 0.99995 0.99995 0.99996 0.99993 0.99994 0.99995
 0.99996 0.99996 0.99996 0.99996 0.99996 0.99992 0.99995 0.99995 0.99995 0.00000 0.99995 0.99994 0.99994 0.99995 0.99995 0.99995 0.99994 0.99995 0.99995 0.99994 0.99994 0.99994 0.99994 0.99994
 0.99996 0.99996 0.99996 0.99996 0.99995 0.99995 0.99995 0.99996 0.99996 0.99996 0.99994 0.99995 0.99992 0.99997 0.99996 0.00000 0.99996 0.99995 0.99994 0.99995 0.99995 0.99995 0.99996 0.99995
 0.99995 0.99995 0.99993 0.99995 0.99993 0.99994 0.99995 0.99994 0.99994 0.99993 0.99993 0.99994 0.99995 0.99995 0.99994 0.99994 0.99995 0.99995 0.99993 0.99995 0.99995 0.99995 0.99994 0.99994
 0.99994 0.99996 0.99995 0.99994 0.99996 0.99994 0.99995 0.99997 0.99995 0.99994 0.99994 0.99995 0.99996 0.99995 0.99996 0.99994 0.99994 0.99994 0.99996 0.99996 0.99995 0.99995 0.99996 0.99997
 0.99995 0.99996 0.99996 0.99995 0.99995 0.99995 0.99994 0.99996 0.99996 0.99996 0.99994 0.99995 0.99994 0.99996 0.99995 0.99995 0.99996 0.99996 0.00000 0.99996 0.00000 0.99996 0.00000 0.99996
 0.99994 0.99995 0.99995 0.99996 0.99996 0.99995 0.99995 0.99996 0.99995 0.99995 0.99995 0.99995 0.99996 0.99995 0.99995 0.99994 0.99993 0.99992 0.99996 0.99995 0.99995 0.99995 0.99995 0.99996
 0.99995 0.99995 0.99995 0.99995 0.99995 0.99994 0.99994 0.99994 0.99995 0.99995 0.99994 0.99995 0.99995 0.99995 0.99996 0.99993 0.99995 0.99992 0.99994 0.99996 0.99995 0.99996 0.00000 0.99996
 0.99994 0.99995 0.99995 0.99995 0.99995 0.99996 0.99996 0.99996 0.99996 0.99996 0.99996 0.99994 0.99997 0.99994 0.99994 0.99995 0.99996 0.99995 0.99993 0.99995 0.99996 0.99996 0.99996 0.99996
 0.99996 0.99995 0.99995 0.99995 0.99996 0.99995 0.99996 0.99997 0.99995 0.99995 0.99995 0.99995 0.99995 0.99995 0.99996 0.99995 0.99995 0.99995 0.99995 0.99994 0.99995 0.99995 0.99995 0.99994
 0.99994 0.99995 0.99996 0.99996 0.99996 0.99996 0.00000 0.99996 0.99996 0.99996 0.99996 0.99995 0.99996 0.99996 0.99996 0.99996 0.99996 0.99995 0.99995 0.99996 0.99996 0.99996 0.99996 0.99992
 0.99995 0.99993 0.99983 0.99986 0.99991 0.99990 0.99991 0.99993
 0.99989 0.99994 0.99991 0.99991 0.99991 0.99990 0.99993 0.99986
 0.99992 0.99993 0.99990 0.99992 0.99993 0.99992 0.99993 0.99989
 0.99992 0.99992 0.99991 0.99993 0.99993 0.99993 0.99990 0.99991
 0.99993 0.99994 0.99994 0.99993 0.99994 0.99993 0.99991 0.99988
 0.99993 0.99993 0.99993 0.99993 0.99993 0.99993 0.99997 0.99988
 0.99988 0.99993 0.99987 0.99991 0.99993 0.99990 0.99991 0.99991
 0.99993 0.99991 0.99985 0.99989 0.99986 0.99992 0.99993 0.99997

 sigma/sqrt(N)
    0.02    0.02    0.03    0.03    0.02    0.00    0.00    0.03    0.00    0.02    0.01    0.02    0.01    0.01    0.01    0.01    0.01    0.02    0.01    0.02    0.02    0.00    0.02    0.03
    0.02    0.02    0.00    0.03    0.02    0.02    0.02    0.13    0.02    0.01    0.02    0.01    0.01    0.01    0.01    0.01    0.01    0.00    0.02    0.01    0.01    0.02    0.02    0.01
    0.03    0.00    0.00    0.00    0.02    0.00    0.02    0.00    0.02    0.02    0.01    0.01    0.01    0.11    0.01    0.01    0.01    0.00    0.01    0.01    0.01    0.01    0.04    0.02
    0.02    0.02    0.00    0.00    0.01    0.02    0.02    0.00    0.01    0.01    0.01    0.01    0.00    0.11    0.01    0.01    0.01    0.01    0.02    0.01    0.01    0.01    0.02    0.02
    0.02    0.02    0.00    0.07    0.00    0.02    0.02    0.00    0.02    0.01    0.01    0.00    0.00    0.02    0.22    0.01    0.41    0.00    0.01    0.01    0.01    0.01    0.05    0.02
    0.02    0.02    0.00    0.00    0.02    0.01    0.01    0.00    0.02    0.01    0.01    0.01    0.00    0.00    0.01    0.01    0.01    0.00    0.01    0.01    0.01    0.01    0.01    0.02
    0.01    0.02    0.00    0.00    0.00    0.00    0.01    0.00    0.01    0.01    0.01    0.01    0.01    0.01    0.02    0.01    0.01    0.01    0.01    0.01    0.01    0.01    0.01    0.02
    0.02    0.00    0.00    0.04    0.02    0.00    0.38    0.00    0.01    0.01    0.01    0.01    0.00    0.01    0.26    0.01    0.01    0.35    0.01    0.01    0.01    0.01    0.02    0.01
    0.00    0.01    0.01    0.01    0.01    0.01    0.01    0.01    0.01    0.01    0.01    0.01    0.01    0.01    0.01    0.01    0.01    0.01    0.01    0.01    0.01    0.01    0.01    0.01
    0.01    0.01    0.01    0.01    0.01    0.01    0.00    0.01    0.01    0.01    0.01    0.01    0.01    0.00    0.01    0.01    0.01    0.01    0.00    0.01    0.01    0.01    0.01    0.02
    0.01    0.02    0.02    0.01    0.01    0.01    0.01    0.01    0.01    0.01    0.00    0.00    0.00    0.00    0.01    0.01    0.01    0.01    0.01    0.01    0.01    0.01    0.01    0.01
    0.01    0.01    0.02    0.01    0.01    0.01    0.01    0.01    0.01    0.01    0.00    0.00    0.00    0.00    0.00    0.01    0.01    0.01    0.01    0.01    0.01    0.01    0.01    0.01
    0.01    0.01    0.02    0.02    0.01    0.01    0.01    0.01    0.01    0.00    0.00    0.00    0.00    0.00    0.00    0.01    0.01    0.01    0.00    0.01    0.01    0.01    0.01    0.01
    0.01    0.01    0.01    0.01    0.01    0.01    0.01    0.01    0.01    0.01    0.00    0.00    0.00    0.00    0.01    0.01    0.01    0.01    0.01    0.01    0.01    0.01    0.01    0.01
    0.01    0.01    0.01    0.01    0.01    0.01    0.01    0.01    0.01    0.00    0.01    0.00    0.01    0.01    0.01    0.01    0.01    0.01    0.01    0.01    0.01    0.01    0.01    0.01
    0.02    0.02    0.02    0.02    0.01    0.01    0.01    0.01    0.01    0.01    0.01    0.01    0.01    0.01    0.01    0.00    0.01    0.01    0.01    0.01    0.01    0.01    0.01    0.01
    0.01    0.01    0.01    0.01    0.01    0.01    0.01    0.01    0.01    0.01    0.01    0.01    0.01    0.01    0.01    0.01    0.01    0.01    0.01    0.01    0.01    0.01    0.01    0.01
    0.01    0.01    0.01    0.01    0.01    0.01    0.01    0.05    0.01    0.01    0.01    0.01    0.01    0.01    0.01    0.01    0.01    0.01    0.01    0.01    0.01    0.01    0.02    0.02
    0.01    0.01    0.01    0.01    0.01    0.01    0.01    0.01    0.01    0.01    0.01    0.01    0.01    0.01    0.01    0.01    0.01    0.01    0.00    0.02    0.00    0.01    0.00    0.02
    0.01    0.01    0.01    0.01    0.01    0.01    0.01    0.01    0.01    0.01    0.01    0.01    0.01    0.01    0.01    0.01    0.01    0.01    0.01    0.01    0.01    0.01    0.02    0.02
    0.02    0.02    0.01    0.01    0.01    0.01    0.01    0.01    0.01    0.01    0.01    0.01    0.01    0.01    0.01    0.01    0.01    0.01    0.01    0.01    0.01    0.02    0.00    0.02
    0.01    0.01    0.01    0.01    0.01    0.01    0.01    0.01    0.01    0.01    0.01    0.01    0.02    0.01    0.01    0.01    0.01    0.01    0.01    0.01    0.02    0.02    0.02    0.02
    0.02    0.02    0.01    0.01    0.01    0.01    0.01    0.01    0.01    0.01    0.01    0.01    0.01    0.01    0.01    0.01    0.01    0.01    0.01    0.01    0.02    0.02    0.02    0.02
    0.02    0.02    0.02    0.02    0.02    0.02    0.00    0.01    0.01    0.01    0.01    0.01    0.02    0.01    0.01    0.01    0.02    0.01    0.01    0.02    0.02    0.02    0.02    0.06
    0.03    0.02    0.01    0.01    0.02    0.02    0.03    0.06
    0.02    0.01    0.01    0.01    0.01    0.01    0.01    0.01
    0.01    0.01    0.01    0.01    0.01    0.01    0.01    0.01
    0.01    0.01    0.00    0.00    0.00    0.00    0.01    0.01
    0.01    0.01    0.00    0.00    0.00    0.00    0.01    0.01
    0.01    0.01    0.01    0.00    0.00    0.01    0.01    0.05
    0.01    0.01    0.01    0.01    0.01    0.00    0.01    0.01
    0.02    0.02    0.02    0.02    0.01    0.02    0.02    0.33

