0
2
3
5
6
8
12
13
21
26
27
29
31
36
38
41
47
50
51
53
54
55
60
61
63
65
66
74
75
79
81
84
85
87
96
99
100
103
107
108
109
110
112
113
123
127
132
133
134
135
137
146
147
148
149
151
158
168
169
170
171
173
174
175
180
182
185
192
195
196
197
222
225
234
243
244
250
251
252
253
274
275
276
277
278
291
297
298
299
300
301
306
314
317
322
323
324
325
328
332
338
345
349
350
363
371
372
373
375
415
420
437
450
452
454
473
502
511
517
519
544
552
558
575
576
581
584
585
586
587
590
591
603
610
615
616
625
626
637
