 delta for calibr coefs, delta=-1+mpi0t*weight/mpi0r
 0.04151 0.02967 0.12758 0.09544 0.01715 0.00000 0.00000 0.03210 0.07207 0.01768 0.02385 0.02008 0.02919 0.02018 0.02443 0.01780 0.02134 0.01499 0.02034 0.01536 0.02325 0.00000 0.00300 0.03265
 0.04571 0.04291 0.00000 0.09571 0.01866 0.00854 0.00738 0.04212 0.02195 0.02017 0.02469 0.01938 0.01473 0.02196 0.02406 0.01719 0.01657 0.00000 0.01385 0.02293 0.00978 0.01754 0.01610 0.01455
 0.02753 0.03569 0.00000 0.00000 0.01010 0.00000 0.02250 0.06562 0.01626 0.01388 0.02250 0.02106 0.01606-0.04385 0.02797 0.01270 0.02310 0.00000-0.00182 0.01367-0.00155 0.01406-0.00574 0.02421
 0.02272 0.03108 0.00000 0.00000 0.01209 0.02587 0.01609 0.00000 0.02575 0.01936 0.02195 0.01974 0.00000-0.02877 0.02442 0.02069 0.02842 0.01817 0.01706 0.01960 0.01861 0.02228 0.01506 0.01480
 0.02816 0.01963 0.01212 0.16256 0.00000 0.02169 0.02390 0.00000 0.01939 0.02918 0.02907 0.00000 0.00000 0.01253 0.00000 0.02044 0.00000 0.00000 0.01856 0.02530 0.01013 0.01230 0.03864 0.01252
 0.00550 0.00914 0.01120 0.00000 0.02678 0.00203 0.02767 0.00000 0.03250 0.02982 0.02439 0.02692 0.00000 0.00000 0.01133 0.02215 0.01464 0.00000 0.01421 0.01438 0.01914 0.01522 0.01701 0.01194
 0.01225 0.02043 0.00975 0.00000 0.00000 0.00000 0.02717 0.00000 0.02455 0.02217 0.02328 0.02036 0.02323 0.02689 0.04281 0.01866 0.00077 0.02906 0.01752 0.00706 0.01534 0.01915 0.01920 0.02591
 0.01290 0.00000 0.00000-0.01064 0.03741 0.00000-0.04101 0.00000 0.02959 0.02843 0.01220 0.02324 0.00000 0.02346 0.00000 0.02187 0.01620 0.00000 0.01967 0.01638 0.01386 0.02260 0.01968 0.00784
 0.00000 0.02481 0.02662 0.02190 0.01940 0.02686 0.02798 0.01791 0.02440 0.03116 0.01852 0.02022 0.02376 0.02446 0.02606 0.01824 0.02298 0.02231 0.02063 0.01711 0.01463 0.00923 0.01078 0.01838
 0.01986 0.01751 0.02000 0.01583 0.01808 0.02811 0.00000 0.02277 0.02352 0.02164 0.02808 0.02038 0.03037 0.02390 0.02147 0.02461 0.01845 0.02733 0.00000 0.02490 0.01712 0.02127 0.01489 0.02619
 0.02534 0.00610 0.02068 0.01992 0.02760 0.02321 0.02272 0.01924 0.02358 0.03492 0.00000 0.00000 0.00000 0.00000 0.02960 0.02066 0.01672 0.01870 0.02235 0.01034 0.00277 0.02122 0.01501 0.01762
 0.02287 0.02267 0.02496 0.02086 0.02368 0.01683 0.01512 0.02501 0.02270 0.02513 0.00000 0.00000 0.00000 0.00000 0.02278 0.02428 0.01698 0.02344 0.01508 0.01915 0.02178 0.02142 0.01674 0.02541
 0.02124 0.00827 0.02087 0.00994 0.01911 0.01540 0.02344 0.02828 0.02865 0.00000 0.00000 0.00000 0.00000 0.00000 0.01973 0.01961 0.01817 0.01819 0.00000 0.01740 0.02001 0.02061 0.02207 0.01784
 0.01685 0.01213-0.00724 0.01486 0.01012 0.00250 0.02213 0.02584 0.02925 0.02789 0.00000 0.00000 0.00000 0.00000 0.02138 0.01880 0.01385 0.02118 0.01671 0.02021 0.02046 0.01321 0.01125 0.01986
 0.01179 0.01922 0.02170 0.02830 0.01583 0.02698 0.01735 0.02210 0.02768 0.00000 0.02491 0.01951 0.02544 0.01646 0.02301 0.02404 0.02040 0.01342 0.01841 0.02317 0.02350 0.01826 0.02030 0.01395
 0.02509 0.02807 0.04483 0.03816 0.02975 0.02882 0.02412 0.01514 0.02095 0.02715 0.02374 0.02260 0.02306 0.01729 0.01328 0.00000 0.02503 0.02300 0.01961 0.01997 0.01996 0.01729 0.02199 0.01581
 0.01542 0.01561-0.00274 0.02442 0.01258 0.02241 0.02048 0.01840 0.02010 0.01747 0.02260 0.01553 0.02023 0.01969 0.01686 0.02199 0.01753 0.02292 0.01638 0.02207 0.01584 0.01105 0.00823 0.00879
 0.00961 0.02870 0.02020 0.01939 0.01792 0.02361 0.01355 0.00000 0.01863 0.01587 0.01776 0.01348 0.01169 0.01795 0.02105 0.01522 0.01629 0.01360 0.01773 0.01845 0.02573 0.01843 0.01408 0.01400
 0.01831 0.02149 0.01733 0.01285 0.02178 0.02662 0.01945 0.02470 0.01410 0.01746 0.01641 0.01424 0.01313 0.00930 0.01700 0.01977 0.01613 0.00967 0.00000 0.01622 0.00000 0.01179 0.00000 0.02090
 0.01874 0.01670 0.02153 0.01187 0.01398 0.01761 0.01373 0.00700 0.01782 0.02526 0.01676 0.01376 0.01708 0.01368 0.01506 0.02701 0.01984 0.02331 0.02712 0.02238 0.01193 0.01968 0.01755 0.01925
 0.01530 0.02206 0.01707 0.02101 0.01847 0.01746 0.01850 0.00979 0.01711 0.02159 0.02265 0.01583 0.01804-0.00473 0.01628 0.02100 0.01479 0.01413 0.01710 0.01660 0.01361 0.00937 0.00000 0.01054
 0.00144 0.00655 0.01302 0.00944 0.00738 0.01483 0.02207 0.00863 0.01348 0.01424 0.01263 0.01161 0.00814 0.01234 0.01789 0.01784 0.01516 0.01471 0.00632 0.01326 0.00523 0.00854 0.01596 0.00766
 0.00943 0.01083 0.00144 0.02038 0.00300 0.01105 0.01644-0.00608 0.01204 0.01324 0.02046 0.00101 0.01039 0.01229 0.01747 0.01367 0.01032 0.00989 0.01589 0.01642 0.02353 0.00672 0.03152 0.03166
 0.03800 0.02299 0.00669 0.00945 0.01298 0.01166 0.00000 0.01822 0.01165 0.01473 0.00987 0.01342 0.01749 0.01420 0.01370 0.01863 0.00976 0.01456 0.01989 0.01646 0.02913 0.00464 0.02065 0.02562
 0.05935 0.05943 0.04282 0.03040 0.02696 0.03811 0.03457 0.02318
 0.06267 0.05953 0.02800 0.02706 0.02914 0.02398 0.02143 0.01835
 0.06153 0.05127 0.02678 0.02668 0.02629 0.02436 0.02812 0.01953
 0.04691 0.04530 0.02609 0.01979 0.01998 0.02195 0.02493 0.02699
 0.04107 0.04017 0.02267 0.02058 0.01954 0.02282 0.02919 0.04321
 0.03967 0.03239 0.01389 0.02371 0.02970 0.04544 0.01279 0.05295
 0.04554 0.02313 0.03553 0.02440 0.05587 0.00000 0.06849 0.00000
 0.02059 0.02655 0.04800 0.03883 0.02730 0.05452 0.05783 0.00000

 weights, W=(weight1+weight2+...)
24054.9430943.03 2454.81 5271.9965382.45    0.00    0.0050959.29 2436.3795777.73********97046.6598163.1794688.33********99173.7992914.1185479.8078396.9169532.6066497.34    0.0063083.0715513.47
28927.8435965.33    0.00 6535.0569789.3464096.9456282.93  796.5270664.23********91348.91****************91473.09****************89177.08    0.0072527.7669311.8773104.5252563.3251184.7248421.00
23538.5239373.94    0.00    0.0064476.64    0.0082817.83  295.1695876.13********************************  243.09************************    0.00********72481.1488857.7973226.8826328.4741662.16
54736.0358150.11    0.00    0.00********99688.5099764.09    0.00********************************    0.00  421.50********************************75975.8398642.9784735.4166545.9160032.2567367.14
 2246.0163118.96******** 2673.01    0.0087319.35********    0.00************************    0.00    0.00********    0.00********    0.00    0.00****************91244.7288545.8638890.0764218.07
77154.5783189.89********    0.00************************    0.00 3952.33************************    0.00    0.00************************    0.00************************98842.4271987.2070875.88
86018.1173112.69********    0.00    0.00    0.00********    0.00************************************************  493.89********************************************************74600.3549056.80
91856.57    0.00    0.0028510.8185527.32    0.00   15.53    0.00********************************    0.00********    0.00****************    0.00********************************74195.0097926.16
    0.0087700.73****************************************************************************************************************************************************************94374.37********
********96785.98********************************    0.00****************************************************************************************    0.00********************************82756.89
********77564.8093006.06********************************************************    0.00    0.00    0.00    0.00****************************************************************92463.02********
****************83253.66********************************************************    0.00    0.00    0.00    0.00********************************************************************************
****************67200.7280769.39****************************************    0.00    0.00    0.00    0.00    0.00********************************    0.00****************************************
********83770.30****************************************************************    0.00    0.00    0.00    0.00********************************************************************************
****************83050.96************************************************    0.00****************************************************************************************************************
********68283.9282415.8066339.55****************************************************************************************    0.00************************************************83866.35********
87954.6786274.47********************************************************************************************************************************************************94482.9891073.3495721.50
92457.6664745.52****************************************    0.00********************************************************************************************************91317.6949146.9556056.09
63711.5077642.3592085.8393852.6797974.08********************************************************************************************************    0.00********    0.0086707.08    0.0077467.54
67883.1671505.6874069.7384082.6094766.22************************************************************************************************************************77494.9491579.2763061.0065000.68
60968.7948152.7170057.1876560.4585283.0896604.20************************************************************************************************99812.3295744.3373818.8959050.50    0.0075098.17
53752.1462466.1875646.5270450.5294628.1392103.65************************************************84429.72************************91604.36****************98536.3168738.3056613.3755013.3537305.41
51140.4147010.6461345.7663593.2573223.5681531.6890764.33********************************************************************************80447.7287986.9584725.4857490.1651997.0745168.7513502.05
31858.4137235.3857300.4861078.1859618.6478572.41    0.0089892.0999204.22********29215.50********98915.70****************98317.9485726.4187328.2182067.0979055.2035110.8832069.6338777.55  156.07
 5792.3815614.7212293.6112620.2220560.1517109.52 6969.60 2887.43
 2965.5346667.9772799.4385280.33********98233.5058248.3414150.79
11746.4340632.41****************************************24335.88
13516.3839457.25****************************************30100.85
12698.5996103.41****************************************12055.43
22294.5858454.18**************************************** 1359.65
 1051.7680412.4978400.6197704.6389421.00    0.0022089.21    0.00
15512.4215440.02 6835.47 9029.3817189.6511739.3812670.31    0.00

 D, D=(weight1**2+weight2**2+...)
  126.92  173.45    4.51   15.45  436.42    0.00    0.00  376.64   21.28  574.21  644.15  606.51  539.32  497.09  581.55  533.68  519.86  532.72  421.95  356.14  369.31    0.00  376.99   74.84
  144.74  176.11    0.00   23.77  428.48  392.40  369.30    2.07  432.02  613.49  520.65  686.16  513.97  470.07  499.13  478.16  463.84    0.00  365.74  302.85  331.66  250.36  240.05  279.13
  111.99  213.93    0.00    0.00  396.04    0.00  506.21    0.75  568.41  620.80  736.45  663.28  722.90    0.32  599.82  609.96  627.20    0.00 1118.04  301.18  400.30  356.24  148.25  245.36
  330.46  326.54    0.00    0.00  652.15  648.60  629.58    0.00  695.91  734.99  787.67  941.66    0.00    0.65  714.13  669.71  660.26  724.55  353.56  471.75  386.83  287.87  288.61  381.09
    3.32  326.35 1299.18   22.03    0.00  609.28  704.37    0.02  920.87  978.96 1076.92    0.00    0.00  999.22    0.01  798.81    0.00    0.00  635.76  492.07  408.88  413.46  188.31  372.44
  438.06  419.80 1391.57    0.00  719.57  858.49  766.56    0.00    6.26 1065.39 1247.83 1246.09    0.00    0.00  999.89  873.40  943.83    0.00  670.43  546.85  490.10  474.08  348.62  418.50
  470.50  378.53 3375.10    0.00    0.00    0.00 1245.09    0.07 1435.38 1317.22 1326.32 1353.05  754.88  789.77    0.17 1036.32 1229.10 1117.46  754.87  597.27  492.11  515.73  392.20  307.41
  615.61    0.00    0.00  206.41  585.91    0.00    0.00    0.00 1219.50 1282.90 1429.26 1293.73    0.00 1349.58    0.01 1425.59 1019.55    0.00  851.59  713.67  644.74  545.83  366.99  568.33
    0.00  523.75  717.79  691.90  873.69  867.37 1267.62 1215.81 1696.45 1487.99 1816.14 1820.27 1407.02 1846.17 1989.87 1323.87 1497.76 1094.98  977.75  691.39  708.73  703.90  449.48  576.41
  650.56  497.91  711.93  631.26 1025.59 1075.47    0.00 1330.15 1358.30 1797.28 2126.59 2259.98 2461.88 2262.40 1710.86 1584.05 1677.03 1271.23    0.00  853.00  592.88  651.47  550.54  493.73
  732.79  405.27  550.91  926.95  968.88 1027.77 1202.86 1352.55 1689.60 2155.71    0.00    0.00    0.00    0.00 2271.44 1984.96 1651.20 1298.48 1256.38  837.55  856.07  731.97  434.45  731.66
  629.38  614.25  497.72  892.51 1150.20  997.25 1174.35 1575.46 1962.41 2873.49    0.00    0.00    0.00    0.00 3236.48 2368.00 1799.96 1463.42 1495.74 1040.79  819.23  727.44  495.09  639.26
  668.02  551.51  400.18  514.22 1211.09  846.32 1420.30 1667.45 2174.81    0.00    0.00    0.00    0.00    0.00 3051.70 2332.37 1853.51 1341.75    0.00  943.75  766.88  719.45  505.42  681.16
  717.17  421.98  959.29  570.96  831.56 1162.55  975.21 1641.95 2213.24 2732.01    0.00    0.00    0.00    0.00 3036.32 2236.88 1429.53 1533.99 1064.99  983.47  612.31  677.08  492.89  655.60
  671.23  587.12  472.47  725.01  863.41  858.59 1204.29 1490.83 1785.62    0.00 2127.66 2722.47 3038.92 3261.17 2146.06 2200.86 1917.39 1447.93  955.73  927.52  780.96  636.63  540.52  574.00
  702.37  388.35  501.74  403.17  934.63 1019.37 1171.09 1185.53 1553.43 1633.87 1702.47 2112.01 2232.61 1474.09 1968.54    0.00 1672.58 1242.14  927.09  744.40  763.32  579.79  405.78  629.33
  498.80  417.74  746.82  726.24  621.03  865.67  865.60 1154.71 1386.29 1448.51 1445.50 1389.33 1628.33 1953.46 1495.72 1414.75 1157.63  999.42  927.17  848.18  601.97  462.62  431.88  535.16
  519.87  302.23  512.99  608.82  572.46  717.90  860.01    0.71 1198.71 1178.59 1247.05 1184.98 1236.72 1336.17 1204.12 1105.51  935.60  974.76  787.70  759.82  598.57  477.55  290.69  345.63
  350.47  394.79  474.53  460.74  491.87  696.57  737.06  846.92  961.58 1015.47 1138.54 1064.76 1316.89 1094.69 1076.42  962.82  708.66  638.29    0.00  712.99    0.00  524.17    0.00  494.64
  370.69  346.32  359.12  430.89  492.08  665.10  591.62  695.49  791.32  964.79  947.04  990.81  872.43 1014.79  860.42  820.23  749.25  796.47  642.97  603.51  391.93  471.53  336.82  373.08
  328.04  216.42  337.50  385.37  416.68  466.81  539.36  619.50  809.73  817.23  851.82  771.42  906.59  868.77  724.55  786.44  575.07  614.81  475.08  484.69  356.16  333.38    0.00  400.11
  280.40  303.22  383.68  344.52  489.40  468.23  596.01  704.02  683.76  836.33  750.23  712.38  485.66  596.41  708.06  673.62  449.65  563.55  499.52  493.80  361.26  358.59  326.01  113.66
  283.96  224.89  286.04  306.45  365.64  415.91  530.15  577.48  588.89  647.31  655.72  573.96  680.51  611.38  616.54  544.52  528.30  389.03  428.36  408.39  288.67  253.61  233.11   39.48
  180.12  193.90  316.45  343.43  328.18  480.42    0.00  543.74  582.11  644.95  171.18  639.88  598.37  670.77  618.79  579.43  496.83  492.31  447.30  452.01  206.03  194.11  245.92    0.03
   23.56   39.84   41.62   38.29   82.07   66.77   23.13   11.71
    4.04  147.85  322.42  371.47  469.98  444.03  263.94   50.24
   28.41   87.41  639.69  745.10  723.39  709.72  526.49   87.17
   32.30   68.82  948.88 1467.15 1485.02 1223.10  656.33  110.53
   23.76  304.37 1072.41 1833.75 2257.31 1525.45  537.85   26.59
   74.48  146.93  776.86  962.73 1076.67  703.59  597.92    3.33
    0.21  409.73  332.00  409.54  408.19    0.00  102.56    0.00
   61.40   58.27   10.91   22.88   62.86   53.45   61.26    0.00

 statistika, N:
     488     619     103     131     624       0       0     441      19    1394    1518    1036    2316    2464    2762    1947    1696     972    1491    1201    1144       0     896     325
     705     919       0     131     942     815     609      22    1008    1964    1146    3265    3091    1781    3620    2497    1527       0    1138    1751    1533    1026    1167     715
     528     630       0       0     775       0    1208       8    1236    1507    2130    2057    2296      13    2869    4234    2153       0    2266    2127    1796    1745     300     607
     704     875       0       0    1724    1133    1206       0    1555    1817    2479    2223       0      21    2275    4715    2364    1637    1551    2326    1864    1751    1311    1108
     433    1295   15485      26       0    1140    1280       2    1506    2671    2885       0       0    1089       2    2434       1       1    1802    2053    2571    2854     758     971
    1181    1435   15623       0    1422    1884    1999       1    1239    2031    3217    2278       0       0    1745    4920    2487       0    2149    2651    1935    2286    1549    1025
    1730    1252   15661       0       0       0    1814       1    2419    3050    3417    3207    2421    2176     569    3003    5998    3734    2732    4309    3252    2053    1414     566
     973       0       0     225     964       0      11       0    2432    3851    4505    3221       0    3582       2    3748    2416       0    2485    2649    2489    1915    1297    1864
       0    1362    2157    1655    2447    2819    3501    3986    5552    4431    8006    7994    6066    5967    6712    4287    4125    2624    3176    2909    2868    3509    1808    1739
    1539    1811    1832    1591    3437    3143       0    3171    3401    7520    6792   10784    8148   11666    7116    6710    6289    3273       0    2708    2002    3022    2234    1071
    2085    1181    1293    2362    3321    4511    4312    5205    7216    8601       0       0       0       0    8694    6283    5403    2914    3279    3080    2488    3378    1761    1968
    2227    1652    1130    2061    3566    4244    4830    5467    8154    7188       0       0       0       0   10874    7724    5538    4673    3798    3183    3963    4289    2610    2126
    1704    2312     864     842    3737    3781    4009    5260    8031       0       0       0       0       0   11179    7977    5545    5033       0    3058    3425    3520    2800    1831
    1774    1968    2045    1889    4134    4273    4059    5357    6073    5305       0       0       0       0    9185    8448    3292    4204    3325    3747    2141    3760    3019    2029
    1302    1604    1277    1549    2168    5009    4023    5116    4408       0    5234   12144   11305    8199    5290    5467    6938    4344    3744    4229    3625    3466    2630    2131
    1331     952    1162     871    2779    3801    3439    3207    4129    3910    6141    6577   10950    2440    4320       0    4063    4306    4672    2678    2639    2030    1523    2134
    1483    1919    3616    2366    3407    3548    3104    4054    5652    6425    7545    6125    4707    5872    6070    5310    4372    3425    4782    2969    2312    1864    2302    1954
    1832    1352    2178    2587    1804    2920    2416       2    3513    4623    4922    4420    3291    3746    2893    5059    4685    4312    2007    2323    1998    1810     577     681
    1145    1340    1549    2040    2046    2798    3413    2021    2406    2903    4503    4123    4824    3014    3874    3838    2323    1386       0    1290       0    1192       0    1205
    1442    1528    1691    1352    1623    2370    2471    1786    2786    3370    3255    3422    1900    3623    3001    3511    3921    4645    1565    2134    1445    1885    1146    1039
    1112    1072    1544    1505    1861    2375    2509    2771    2931    3266    3736    2527    3247    3300    2175    4125    2502    4317    2482    1613    1746     927       0    1080
    1229    1216    1322    1451    1727    1552    1813    2067    2123    2388    2228    3327    1019    2872    3242    2362    1726    2283    3185    2066    1165     697     769    1112
     766     964    1342    1365    1225    1545    1246    1317    2344    2379    2227    2087    2223    2204    1719    2013    2247    1649    1955    2010    1121    1069     881     663
     668     697     827     943     954     975       0    1426    1439    1232     398    1602    1266    1634    1392    1436    1162    1491    1616    1259     508     403     497      60
     148     917    1327    1200     956     969     355      93
     431    1829    3008    3597    4385    4735    1802    1133
     744    2813    6406    7148    5241    7069    3548    1547
    1004    4014   10650   15682   14530   11595    9320    1576
    1115    4426    8633   17080   15922   14342    7374    1451
     976    3414    6470   11100   11548    8186    1419     179
     869    2057    3846    4167    3775       0     778       0
     548     730    1217     742    1491     457     351       0

 sigma, sigma=sqrt(D-W**2)/W
 0.99995 0.99994 0.99996 0.99996 0.99997 0.00000 0.00000 0.99997 0.99997 0.99996 0.99995 0.99997 0.99994 0.99993 0.99993 0.99995 0.99995 0.99996 0.99995 0.99996 0.99995 0.00000 0.99996 0.99995
 0.99994 0.99994 0.00000 0.99996 0.99996 0.99996 0.99996 0.99996 0.99996 0.99995 0.99996 0.99993 0.99994 0.99995 0.99993 0.99995 0.99996 0.00000 0.99996 0.99994 0.99995 0.99995 0.99995 0.99996
 0.99995 0.99996 0.00000 0.00000 0.99996 0.00000 0.99996 0.99997 0.99996 0.99996 0.99995 0.99996 0.99995 0.99996 0.99994 0.99992 0.99995 0.00000 0.99996 0.99994 0.99995 0.99994 0.99997 0.99996
 0.99996 0.99996 0.00000 0.00000 0.99995 0.99996 0.99996 0.00000 0.99996 0.99996 0.99995 0.99995 0.00000 0.99996 0.99995 0.99992 0.99995 0.99996 0.99995 0.99994 0.99995 0.99994 0.99995 0.99995
 0.99986 0.99995 0.99997 0.99996 0.00000 0.99995 0.99996 0.00000 0.99996 0.99995 0.99995 0.00000 0.00000 0.99997 0.00000 0.99995 0.00000 0.00000 0.99996 0.99995 0.99994 0.99992 0.99995 0.99996
 0.99996 0.99996 0.99997 0.00000 0.99996 0.99996 0.99996 0.00000 0.99975 0.99996 0.99995 0.99996 0.00000 0.00000 0.99996 0.99993 0.99995 0.00000 0.99995 0.99994 0.99995 0.99994 0.99995 0.99996
 0.99994 0.99996 0.99997 0.00000 0.00000 0.00000 0.99997 0.00000 0.99996 0.99996 0.99995 0.99996 0.99993 0.99995 0.99980 0.99995 0.99993 0.99994 0.99995 0.99992 0.99993 0.99995 0.99995 0.99996
 0.99996 0.00000 0.00000 0.99997 0.99996 0.00000 0.99996 0.00000 0.99996 0.99995 0.99995 0.99995 0.00000 0.99995 0.00000 0.99995 0.99996 0.00000 0.99995 0.99995 0.99995 0.99995 0.99996 0.99994
 0.00000 0.99995 0.99995 0.99996 0.99996 0.99995 0.99995 0.99995 0.99994 0.99995 0.99993 0.99993 0.99993 0.99995 0.99994 0.99995 0.99995 0.99996 0.99995 0.99995 0.99995 0.99994 0.99995 0.99995
 0.99996 0.99995 0.99996 0.99996 0.99995 0.99995 0.00000 0.99996 0.99996 0.99993 0.99995 0.99993 0.99994 0.99992 0.99994 0.99994 0.99994 0.99995 0.00000 0.99995 0.99996 0.99994 0.99995 0.99996
 0.99995 0.99996 0.99996 0.99995 0.99995 0.99994 0.99994 0.99994 0.99993 0.99993 0.00000 0.00000 0.00000 0.00000 0.99994 0.99995 0.99995 0.99996 0.99995 0.99995 0.99996 0.99994 0.99996 0.99995
 0.99994 0.99996 0.99996 0.99996 0.99995 0.99994 0.99994 0.99994 0.99994 0.99995 0.00000 0.00000 0.00000 0.00000 0.99994 0.99994 0.99995 0.99995 0.99995 0.99995 0.99994 0.99993 0.99994 0.99995
 0.99995 0.99994 0.99996 0.99997 0.99995 0.99994 0.99995 0.99995 0.99993 0.00000 0.00000 0.00000 0.00000 0.00000 0.99993 0.99994 0.99995 0.99993 0.00000 0.99995 0.99994 0.99994 0.99994 0.99995
 0.99995 0.99994 0.99996 0.99995 0.99993 0.99995 0.99994 0.99995 0.99995 0.99996 0.00000 0.00000 0.00000 0.00000 0.99994 0.99994 0.99996 0.99995 0.99995 0.99995 0.99996 0.99993 0.99994 0.99995
 0.99996 0.99995 0.99996 0.99996 0.99996 0.99992 0.99995 0.99994 0.99995 0.00000 0.99995 0.99993 0.99993 0.99995 0.99996 0.99995 0.99994 0.99995 0.99995 0.99994 0.99994 0.99994 0.99994 0.99994
 0.99996 0.99996 0.99996 0.99996 0.99995 0.99994 0.99995 0.99996 0.99995 0.99995 0.99994 0.99995 0.99992 0.99997 0.99996 0.00000 0.99995 0.99995 0.99993 0.99995 0.99995 0.99995 0.99996 0.99995
 0.99995 0.99995 0.99994 0.99995 0.99993 0.99994 0.99995 0.99994 0.99994 0.99993 0.99992 0.99994 0.99995 0.99995 0.99994 0.99994 0.99994 0.99995 0.99994 0.99995 0.99995 0.99995 0.99994 0.99994
 0.99994 0.99995 0.99995 0.99994 0.99996 0.99994 0.99995 0.00000 0.99995 0.99994 0.99994 0.99995 0.99996 0.99995 0.99996 0.99994 0.99993 0.99994 0.99996 0.99995 0.99995 0.99995 0.99997 0.99996
 0.99995 0.99996 0.99996 0.99995 0.99995 0.99995 0.99994 0.99996 0.99996 0.99995 0.99994 0.99994 0.99994 0.99996 0.99994 0.99994 0.99995 0.99996 0.00000 0.99996 0.00000 0.99996 0.00000 0.99995
 0.99994 0.99995 0.99994 0.99996 0.99996 0.99995 0.99995 0.99996 0.99995 0.99995 0.99995 0.99995 0.99996 0.99994 0.99995 0.99994 0.99993 0.99992 0.99996 0.99995 0.99995 0.99995 0.99995 0.99995
 0.99995 0.99995 0.99995 0.99995 0.99995 0.99994 0.99994 0.99994 0.99995 0.99994 0.99994 0.99995 0.99994 0.99995 0.99996 0.99993 0.99995 0.99992 0.99994 0.99996 0.99994 0.99996 0.00000 0.99996
 0.99994 0.99995 0.99996 0.99995 0.99995 0.99996 0.99996 0.99996 0.99996 0.99996 0.99996 0.99993 0.99997 0.99994 0.99994 0.99995 0.99995 0.99995 0.99993 0.99995 0.99996 0.99996 0.99996 0.99995
 0.99996 0.99995 0.99995 0.99995 0.99996 0.99995 0.99996 0.99997 0.99995 0.99995 0.99995 0.99995 0.99995 0.99995 0.99996 0.99995 0.99994 0.99995 0.99995 0.99994 0.99995 0.99995 0.99995 0.99993
 0.99994 0.99995 0.99996 0.99996 0.99996 0.99996 0.00000 0.99995 0.99996 0.99996 0.99996 0.99995 0.99996 0.99996 0.99996 0.99996 0.99996 0.99995 0.99995 0.99995 0.99996 0.99996 0.99996 0.99996
 0.99995 0.99993 0.99982 0.99986 0.99991 0.99989 0.99992 0.99993
 0.99990 0.99994 0.99991 0.99991 0.99990 0.99989 0.99993 0.99986
 0.99992 0.99993 0.99990 0.99991 0.99993 0.99991 0.99993 0.99989
 0.99991 0.99991 0.99990 0.99992 0.99993 0.99993 0.99989 0.99990
 0.99992 0.99993 0.99993 0.99993 0.99994 0.99993 0.99991 0.99987
 0.99993 0.99993 0.99992 0.99991 0.99992 0.99990 0.99996 0.99984
 0.99992 0.99993 0.99990 0.99991 0.99990 0.00000 0.99992 0.00000
 0.99993 0.99991 0.99986 0.99990 0.99984 0.99991 0.99993 0.00000

 sigma/sqrt(N)
    0.05    0.04    0.10    0.09    0.04    0.00    0.00    0.05    0.23    0.03    0.03    0.03    0.02    0.02    0.02    0.02    0.02    0.03    0.03    0.03    0.03    0.00    0.03    0.06
    0.04    0.03    0.00    0.09    0.03    0.04    0.04    0.21    0.03    0.02    0.03    0.02    0.02    0.02    0.02    0.02    0.03    0.00    0.03    0.02    0.03    0.03    0.03    0.04
    0.04    0.04    0.00    0.00    0.04    0.00    0.03    0.35    0.03    0.03    0.02    0.02    0.02    0.28    0.02    0.02    0.02    0.00    0.02    0.02    0.02    0.02    0.06    0.04
    0.04    0.03    0.00    0.00    0.02    0.03    0.03    0.00    0.03    0.02    0.02    0.02    0.00    0.22    0.02    0.01    0.02    0.02    0.03    0.02    0.02    0.02    0.03    0.03
    0.05    0.03    0.01    0.20    0.00    0.03    0.03    0.00    0.03    0.02    0.02    0.00    0.00    0.03    0.00    0.02    0.00    0.00    0.02    0.02    0.02    0.02    0.04    0.03
    0.03    0.03    0.01    0.00    0.03    0.02    0.02    0.00    0.03    0.02    0.02    0.02    0.00    0.00    0.02    0.01    0.02    0.00    0.02    0.02    0.02    0.02    0.03    0.03
    0.02    0.03    0.01    0.00    0.00    0.00    0.02    0.00    0.02    0.02    0.02    0.02    0.02    0.02    0.04    0.02    0.01    0.02    0.02    0.02    0.02    0.02    0.03    0.04
    0.03    0.00    0.00    0.07    0.03    0.00    0.30    0.00    0.02    0.02    0.01    0.02    0.00    0.02    0.00    0.02    0.02    0.00    0.02    0.02    0.02    0.02    0.03    0.02
    0.00    0.03    0.02    0.02    0.02    0.02    0.02    0.02    0.01    0.02    0.01    0.01    0.01    0.01    0.01    0.02    0.02    0.02    0.02    0.02    0.02    0.02    0.02    0.02
    0.03    0.02    0.02    0.03    0.02    0.02    0.00    0.02    0.02    0.01    0.01    0.01    0.01    0.01    0.01    0.01    0.01    0.02    0.00    0.02    0.02    0.02    0.02    0.03
    0.02    0.03    0.03    0.02    0.02    0.01    0.02    0.01    0.01    0.01    0.00    0.00    0.00    0.00    0.01    0.01    0.01    0.02    0.02    0.02    0.02    0.02    0.02    0.02
    0.02    0.02    0.03    0.02    0.02    0.02    0.01    0.01    0.01    0.01    0.00    0.00    0.00    0.00    0.01    0.01    0.01    0.01    0.02    0.02    0.02    0.02    0.02    0.02
    0.02    0.02    0.03    0.03    0.02    0.02    0.02    0.01    0.01    0.00    0.00    0.00    0.00    0.00    0.01    0.01    0.01    0.01    0.00    0.02    0.02    0.02    0.02    0.02
    0.02    0.02    0.02    0.02    0.02    0.02    0.02    0.01    0.01    0.01    0.00    0.00    0.00    0.00    0.01    0.01    0.02    0.02    0.02    0.02    0.02    0.02    0.02    0.02
    0.03    0.02    0.03    0.03    0.02    0.01    0.02    0.01    0.02    0.00    0.01    0.01    0.01    0.01    0.01    0.01    0.01    0.02    0.02    0.02    0.02    0.02    0.02    0.02
    0.03    0.03    0.03    0.03    0.02    0.02    0.02    0.02    0.02    0.02    0.01    0.01    0.01    0.02    0.02    0.00    0.02    0.02    0.01    0.02    0.02    0.02    0.03    0.02
    0.03    0.02    0.02    0.02    0.02    0.02    0.02    0.02    0.01    0.01    0.01    0.01    0.01    0.01    0.01    0.01    0.02    0.02    0.01    0.02    0.02    0.02    0.02    0.02
    0.02    0.03    0.02    0.02    0.02    0.02    0.02    0.00    0.02    0.01    0.01    0.02    0.02    0.02    0.02    0.01    0.01    0.02    0.02    0.02    0.02    0.02    0.04    0.04
    0.03    0.03    0.03    0.02    0.02    0.02    0.02    0.02    0.02    0.02    0.01    0.02    0.01    0.02    0.02    0.02    0.02    0.03    0.00    0.03    0.00    0.03    0.00    0.03
    0.03    0.03    0.02    0.03    0.02    0.02    0.02    0.02    0.02    0.02    0.02    0.02    0.02    0.02    0.02    0.02    0.02    0.01    0.03    0.02    0.03    0.02    0.03    0.03
    0.03    0.03    0.03    0.03    0.02    0.02    0.02    0.02    0.02    0.02    0.02    0.02    0.02    0.02    0.02    0.02    0.02    0.02    0.02    0.02    0.02    0.03    0.00    0.03
    0.03    0.03    0.03    0.03    0.02    0.03    0.02    0.02    0.02    0.02    0.02    0.02    0.03    0.02    0.02    0.02    0.02    0.02    0.02    0.02    0.03    0.04    0.04    0.03
    0.04    0.03    0.03    0.03    0.03    0.03    0.03    0.03    0.02    0.02    0.02    0.02    0.02    0.02    0.02    0.02    0.02    0.02    0.02    0.02    0.03    0.03    0.03    0.04
    0.04    0.04    0.03    0.03    0.03    0.03    0.00    0.03    0.03    0.03    0.05    0.02    0.03    0.02    0.03    0.03    0.03    0.03    0.02    0.03    0.04    0.05    0.04    0.13
    0.08    0.03    0.03    0.03    0.03    0.03    0.05    0.10
    0.05    0.02    0.02    0.02    0.02    0.01    0.02    0.03
    0.04    0.02    0.01    0.01    0.01    0.01    0.02    0.03
    0.03    0.02    0.01    0.01    0.01    0.01    0.01    0.03
    0.03    0.02    0.01    0.01    0.01    0.01    0.01    0.03
    0.03    0.02    0.01    0.01    0.01    0.01    0.03    0.07
    0.03    0.02    0.02    0.02    0.02    0.00    0.04    0.00
    0.04    0.04    0.03    0.04    0.03    0.05    0.05    0.00

