0
1
2
3
5
6
8
12
21
26
27
29
31
38
41
50
51
53
54
55
57
58
59
60
61
63
65
66
74
75
76
79
80
84
85
87
96
99
100
101
103
104
107
108
109
110
112
113
118
122
123
127
128
132
133
134
135
137
146
147
148
149
151
158
169
170
171
173
174
175
180
182
185
192
222
234
236
241
250
251
252
253
262
267
268
271
274
275
276
277
278
292
294
295
297
298
299
300
301
302
306
309
317
319
320
321
322
323
324
325
348
371
373
375
404
415
427
428
436
450
452
454
473
474
489
494
496
502
517
522
525
551
558
575
580
584
586
588
591
596
598
602
603
604
605
608
609
610
611
612
613
617
618
619
621
622
629
630
637
