 delta for calibr coefs, delta=-1+mpi0t*weight/mpi0r
 0.00366 0.01304 0.09506 0.07768-0.00726 0.00000 0.00000 0.00022 0.02523-0.00002-0.00070-0.00069-0.00028 0.00174-0.00001-0.00903 0.00405-0.00019 0.00312 0.00173-0.00285 0.00000 0.00542 0.00051
-0.00914-0.00623 0.00000 0.07786-0.00536 0.00836 0.01809 0.07638 0.00443-0.00141-0.01334 0.00269-0.00399-0.00373-0.00090-0.01430 0.00020 0.00000-0.00471-0.01175 0.00087 0.00301 0.00320-0.00777
-0.00272-0.00963 0.00000 0.00000 0.00881 0.00000 0.00691 0.03910 0.00449 0.00714-0.00291 0.00281 0.00645 0.04931-0.00811-0.02201 0.00103 0.00000 0.00067-0.00502 0.00727-0.00878-0.03631-0.00750
 0.00691-0.00458 0.00000 0.00000 0.01088 0.00396-0.00441 0.00000-0.00060 0.00317-0.00125 0.00685 0.00000 0.05969 0.00184-0.00093-0.00530 0.00501 0.00109-0.00592-0.00336-0.00810 0.00290-0.00185
 0.03697-0.00012 0.00603 0.03591 0.00000 0.01019 0.00626 0.00000 0.03825 0.01880 0.01863 0.06160 0.00000 0.00539 0.00000 0.00305 0.00000 0.00000 0.00943 0.00077-0.00330-0.00183 0.04830 0.00109
-0.00002-0.00433 0.00447 0.00000 0.00265-0.01749-0.00435 0.00000 0.02147 0.01129 0.00938 0.01173 0.00000-0.03040 0.01990-0.00303 0.00772 0.00000 0.00732 0.00033 0.00571-0.00086-0.00694 0.00176
-0.00575-0.00287 0.00467 0.00000 0.00000 0.00000 0.00629 0.00000 0.01066 0.00263 0.00153 0.00095 0.00716 0.00333 0.03125 0.00228-0.01952 0.00195 0.00981 0.00311-0.00349 0.00168-0.00525 0.02125
 0.00196 0.05364 0.00000-0.01159 0.02247 0.00000 0.01883 0.00000 0.01124 0.01851 0.01125 0.00625 0.00000 0.01158 0.00000 0.00797 0.01189 0.00000 0.00855 0.00311 0.00179 0.00768 0.01575 0.00621
 0.00000 0.00809-0.00129 0.01077 0.00254 0.01701-0.00014 0.01581 0.00543 0.02185 0.02281 0.00719 0.00576 0.01319 0.00960 0.00706 0.02300 0.00722 0.00589 0.00477 0.00310-0.00738 0.01469 0.00024
 0.00157 0.00948 0.00951 0.00716-0.00113 0.00955 0.00000 0.00893 0.02020 0.00882 0.03594 0.00387-0.00043 0.00666 0.01228 0.03798 0.01087 0.01247 0.00000 0.01570 0.01302 0.00716-0.00295 0.00866
-0.00199 0.00775 0.00398 0.00067 0.00759 0.01014 0.01590 0.00368 0.00999 0.00830 0.00000 0.00000 0.00000 0.00000 0.01004 0.02019 0.00717 0.00999-0.03037 0.00655 0.06074 0.00547 0.00471-0.00050
-0.00084 0.01651-0.00119 0.00123 0.01129 0.00776 0.00517 0.01202 0.00537 0.01889 0.00000 0.00000 0.00000 0.00000 0.01395 0.01176 0.01219 0.01362 0.02200 0.01582 0.04046 0.00970 0.00073 0.00508
 0.00990 0.01083 0.03179 0.01316 0.01558 0.00306 0.00710 0.00818-0.00908 0.00000 0.00000 0.00000 0.00000 0.00000 0.02155 0.01384 0.01368 0.00735 0.00000 0.00640 0.00222 0.00164-0.00016 0.00176
 0.00351 0.00541-0.00956 0.00821-0.00447-0.02710-0.00596 0.01004 0.01718 0.01199 0.00000 0.00000 0.00000 0.00000 0.02173 0.01555 0.01130 0.00954 0.03334 0.01182 0.00789 0.01299 0.00927 0.00838
 0.00143 0.00104 0.00609 0.00939 0.01400 0.01241 0.03291 0.00971 0.00715 0.00000 0.01196 0.01223 0.02334 0.03884 0.03068 0.01723 0.01138-0.00132 0.01644 0.00736 0.00782 0.00822 0.00580 0.00222
 0.00223 0.01258 0.02675 0.03851 0.00878 0.01078 0.01197 0.02810 0.00814 0.00250 0.01334 0.00700 0.01354 0.03191 0.01846 0.00000 0.01000 0.01402 0.01284 0.00789 0.01531 0.02286 0.02099 0.00983
 0.00222 0.00227-0.03202 0.01082-0.00221 0.00374-0.00849 0.00974 0.01384 0.02337 0.00515 0.06256 0.01623 0.01835 0.01049 0.00061 0.00900 0.01347 0.01419 0.01121 0.00628 0.01258 0.01035 0.00369
-0.00048 0.00994 0.00787 0.00609-0.00018 0.00762 0.00866 0.09869 0.01223 0.01371 0.00894 0.00691 0.00898 0.00931 0.01340-0.00025 0.00875-0.00206 0.01238 0.00258 0.00482 0.00745 0.00842 0.01285
-0.00662 0.00308 0.00881-0.00119 0.00608 0.00739 0.01567 0.02724 0.01587 0.01801 0.00454 0.00791 0.00730 0.01115-0.00131-0.00422 0.00426 0.01490 0.00000 0.01817 0.00000 0.00077 0.00000 0.00151
-0.00322 0.00102 0.00415 0.03305 0.00210 0.01001 0.00690 0.01272 0.00514 0.01104 0.01055 0.00977 0.02461 0.00900 0.00523 0.01139 0.01294 0.00366-0.02991-0.00159 0.01061-0.00298-0.00186 0.00273
 0.00555 0.00123-0.00400 0.00571 0.00412-0.00156 0.00175 0.01170 0.01025-0.00201 0.00540 0.02519 0.01404 0.02244 0.00975 0.00532 0.00513 0.00757-0.00399 0.00772 0.00098-0.00084 0.00000-0.00108
-0.00837-0.00635 0.01043 0.01519 0.00431 0.00915 0.00782 0.00137 0.01471 0.00157 0.00144 0.02501 0.01518 0.00793 0.01023-0.00026 0.00316 0.00924-0.00113-0.00541-0.00481-0.01009-0.00848 0.00021
-0.01279-0.01337-0.00843-0.00675 0.00013-0.00173-0.00095-0.00052 0.00295 0.00314 0.00458 0.01859 0.00481-0.00138-0.00413-0.00666-0.01367 0.00157-0.01563-0.00384-0.00436-0.01484-0.00507 0.00833
-0.00950-0.00068-0.00774 0.00079-0.00017 0.00029 0.04659 0.00944-0.00026 0.00514 0.00256 0.00465-0.00482-0.00351 0.00324-0.00164 0.00557-0.01051-0.00073-0.00001-0.00165 0.01028 0.00758 0.03921
 0.03666 0.01087 0.00608 0.01391 0.02078 0.01133 0.01828 0.04934
 0.03643 0.01279-0.00259-0.00351 0.01812-0.00577-0.00413-0.00268
 0.03367 0.02289-0.00388 0.00509 0.00194-0.00589-0.00922-0.00728
 0.03081 0.02423 0.00241 0.00962 0.00951-0.00686-0.04586-0.01080
 0.03780 0.01439 0.00706 0.01224 0.01353 0.00657-0.01024-0.00327
 0.03489 0.02003 0.01243 0.01328 0.01303 0.01129 0.00151 0.00302
 0.03662 0.00391-0.01925-0.00101-0.00503 0.02180-0.00728-0.01507
 0.00761 0.00393 0.01299 0.00739-0.01748-0.02304-0.01588 0.00000

 weights, W=(weight1+weight2+...)
69232.7768663.7012517.7125486.7090528.28    0.00    0.00********58499.18************************************************************************************************    0.0073051.0767210.72
82379.2786057.79    0.0032600.50****************58981.94  563.70************************************************************************    0.00************************91553.3083894.4783933.10
81263.5780979.23    0.00    0.00********    0.00********  253.39**************************************** 1216.69************************    0.00********************************38314.3785763.45
****************    0.00    0.00************************    0.00********************************    0.00 1666.60********************************************************************************
 6217.10**************** 4640.68    0.00****************    0.00************************89724.38    0.00********    0.00********    0.00    0.00******************************** 6731.21********
************************    0.00************************    0.0013079.02************************    0.00 8778.05************************    0.00************************************************
************************    0.00    0.00    0.00********    0.00************************************************ 2765.76************************************************************************
********   92.90    0.0052440.81********    0.00   68.35    0.00********************************    0.00********    0.00****************    0.00************************************************
    0.00****************************************************************************************************************************************************************************************
************************************************    0.00****************************************************************************************    0.00****************************************
********************************************************************************    0.00    0.00    0.00    0.00********************************************************************************
********************************************************************************    0.00    0.00    0.00    0.00********************************************************************************
************************************************************************    0.00    0.00    0.00    0.00    0.00********************************    0.00****************************************
********************************************************************************    0.00    0.00    0.00    0.00********************************************************************************
************************************************************************    0.00****************************************************************************************************************
************************************************************************************************************************    0.00****************************************************************
************************************************************************************************************************************************************************************************
********************************************************  434.66********************************************************************************************************************************
************************************************************************************************************************************************    0.00********    0.00********    0.00********
************************************************************************************************************************************************************************************************
********************************************************************************************************************************************************************************    0.00********
****************************************************************************************************************************************************************************************77561.94
87341.9997370.88****************************************************************************************************************************************************************84076.7245172.91
85749.8886140.97********************************  101.92********************************************************************************************************87049.7665252.6273222.05  809.18
26663.1270588.3755049.1152219.8488599.2679991.8931777.88 8583.61
13505.35************************************************66851.22
94159.41********************************************************
****************************************************************
********************************************************51866.66
******************************************************** 3614.23
 3908.67************************************************56980.52
63448.6675436.3628299.8336809.24****************96678.16    0.00

 D, D=(weight1**2+weight2**2+...)
  392.62  390.54   22.41   72.31  604.74    0.00    0.00  786.79  467.80 1083.71 1081.25  985.06 1057.39  939.42  952.16 1037.24  791.52  962.35  773.34  616.53  666.15    0.00  420.83  400.91
  425.99  429.21    0.00  118.20  862.54  799.92  382.63    1.66  719.35  966.00  947.67 1202.70  820.69 1159.59  777.20  745.10  777.88    0.00  623.87  536.30  532.99  447.49  403.43  469.15
  438.54  423.26    0.00    0.00  892.16    0.00 1075.00    0.68  939.90 1209.67 1390.99 1186.21 1524.30    3.35 1162.56 1172.88 1170.88    0.00 1685.09  596.36  549.64  632.81  202.87  506.15
  606.89  592.56    0.00    0.00 1139.17 1249.99 1065.61    0.00 1645.44 1506.15 1769.66 2253.53    0.00    4.90 1848.11 1210.65 1525.31 1591.54  739.54  907.48  723.26  591.76  602.26  625.79
   10.84  769.56 2979.71   28.62    0.00 1867.15 1661.24    0.01 1810.75 2200.82 2374.37  690.47    0.00 2418.17    0.00 1833.18    0.00    0.00 1491.21 1042.55  880.99  931.33   18.41  786.26
  804.19  770.95 3848.99    0.00 1291.01 1734.97 2023.40    0.00   43.00 2639.21 3258.15 3021.51    0.00   66.36 2262.47 2429.33 2563.99    0.00 1729.75 1376.89  959.72  871.43  794.57  819.13
  973.41  876.37 4590.02    0.00    0.00    0.00 3171.03    0.00 3767.95 3858.76 4043.90 4112.81 2476.40 2382.87    1.59 3095.62 3152.79 2761.58 1736.33 1549.68 1296.06  991.92  865.37  633.38
 1268.70    0.04    0.00  377.13 1141.19    0.02    0.01    0.00 3858.11 4445.70 4985.53 3814.06    0.00 4370.40    0.02 4321.32 3227.28    0.01 2498.97 1730.27 1456.24 1189.28  807.08 1159.97
    0.08 1260.48 1636.19 1922.63 2147.19 2184.17 3658.26 4164.79 5019.22 4764.23 5930.61 6717.91 4972.84 6029.39 6292.26 4479.83 3868.69 3447.90 2801.93 2068.18 1701.17 1553.95  969.62 1241.93
 1375.79 1126.36 1623.85 1612.93 2572.50 2884.33    0.00 4381.50 4626.65 6830.32 7769.4810808.3510495.5110066.00 6890.51 5315.87 5109.01 3974.28    0.00 2376.76 1677.52 1476.24 1207.40 1084.64
 1602.60  969.56 1350.21 2247.62 2639.18 2899.68 3751.21 4726.26 6136.5910087.55    0.00    0.00    0.00    0.0010247.05 6851.08 5803.76 4037.87 3649.38 2660.70 1448.92 1677.96  961.05 1452.26
 1569.13 1324.13 1427.90 2482.28 2853.96 3064.68 3940.66 5111.88 7169.5114234.28    0.00    0.00    0.00    0.0014489.96 8539.83 6250.17 4813.04 4087.96 2519.46 1815.30 1635.38 1125.05 1390.04
 1442.90 1547.11 1028.26 1545.80 3015.14 2783.90 3944.82 5751.49 8901.64    0.00    0.00    0.00    0.00    0.0013993.03 9073.42 6373.08 4816.19    0.00 2592.73 2012.60 1486.32 1064.30 1452.22
 1546.25 1050.07 1922.95 1507.06 2647.10 2155.25 3586.66 5499.31 7924.9513095.76    0.00    0.00    0.00    0.0011761.55 8630.14 5372.45 4926.19 3307.14 2630.68 1710.60 1601.99 1394.86 1320.61
 1351.61 1421.44 1433.46 2181.13 2245.65 2929.56 3286.08 5289.50 6287.26    0.00 9547.7814244.0014734.7812112.53 9804.86 8197.80 6274.11 4237.12 3133.18 2572.89 2079.77 1495.13 1162.78 1256.69
 1405.31 1051.02 1555.46 1320.22 2632.77 2861.78 3491.75 3848.27 5434.23 6005.15 7208.69 7696.55 9431.17 7016.01 7951.50    0.00 5174.06 3792.30 2859.86 2117.01 1892.99 1297.83  880.90 1311.73
 1114.95 1039.67 1602.01 1631.11 1961.20 2513.66 3103.79 3986.65 4530.14 4796.45 5737.87 4852.50 5942.63 6909.67 5843.34 4835.83 3810.59 2745.77 2654.67 2123.31 1647.35 1134.49  937.58 1177.07
 1134.06  807.19 1191.35 1493.84 1591.53 2203.20 2756.87    2.28 3873.82 3920.13 4271.21 4415.85 4412.83 4720.88 3830.70 3702.00 3105.14 2989.22 2117.90 1947.44 1603.63 1268.53  719.06  801.31
  897.85  843.65 1028.39 1307.19 1425.07 2044.55 2320.87 2739.22 2824.92 3117.00 3727.18 3789.17 4220.73 3513.63 3566.81 2896.11 2233.48 1849.94    0.00 1881.75    0.00 1291.81    0.00 1116.86
  846.23  761.18  955.86  895.48 1242.79 1626.44 1856.18 1950.65 2591.18 2803.13 2841.05 3143.90 2580.81 3188.78 2742.84 2292.14 2038.44 1947.02 1794.04 1460.93 1059.75  923.16  760.35  813.75
  721.92  600.97  827.43  960.65 1047.21 1345.63 1569.76 1781.35 2051.87 2327.07 2495.09 2194.45 2547.86 2108.80 1913.76 1986.66 1582.52 1433.00 1172.56  964.03  871.48  787.60    0.00  619.15
  620.69  609.76  672.57  809.25 1105.20 1163.38 1437.69 1810.22 1765.20 2277.41 1936.76 1939.61 1509.89 1746.13 1962.64 1682.52 1090.02 1181.12 1185.43  991.05  830.96  685.06  653.76  254.48
  464.42  477.89  603.57  702.14  748.38  979.70 1232.04 1183.92 1382.24 1583.86 1454.40 1454.92 1562.27 1547.02 1276.47 1290.71 1278.00  935.51  858.54  762.52  606.76  520.13  419.54  168.99
  498.32  467.11  583.11  630.61  731.16  976.57    0.10 1354.75 1325.49 1306.39 1286.73 1508.35 1274.10 1361.39 1287.44 1248.17 1012.41  995.23  857.46  760.21  523.62  405.37  469.68    0.86
   96.91  146.02  160.58  152.47  341.41  285.27   98.99   31.22
   15.15 1069.27 1978.22 2253.20 2743.26 2995.59 1540.53  213.31
  259.28  376.29 4316.70 4582.34 4890.87 4788.14 3182.00  438.96
  248.67  714.54 5787.54 6927.53 6171.94 5360.46 2610.95  422.48
  198.95 2228.15 6236.01 7107.85 6802.63 5687.33 2104.97  142.16
  524.25 1200.00 4879.26 5751.28 6020.33 4939.71 1314.44    7.88
    0.67 2464.02 1783.01 2450.87 3452.64 2212.55  943.17  203.12
  241.31  284.23   48.94   97.89  455.52  583.23  420.28    0.00

 statistika, N:
    1081    1295     503     624     818       0       0     887     445    2360    2613    1698    3802    3810    4153    3268    2635    1801    2481    1895    1947       0    1277     814
    1545    1858       0     624    1517    1384     730      14    1602    3163    2108    6003    5225    2430    5921    4067    2489       0    1718    2767    2386    1704    1912    1218
    1232    1231       0       0    1566       0    2242       6    2132    2837    3984    3903    4377      37    5657    8377    3847       0    3444    3423    3201    2946     453    1120
    1296    1618       0       0    3306    2077    2038       0    3276    3721    5413    5001       0      49    5034   10108    4933    3473    2895    4340    3350    3186    2152    1793
     957    2479   30687      61       0    3077    2872       1    2947    5922    6419     772       0    2594       2    5428       0       0    4083    4300    5287    5411     374    1612
    2079    2652   31050       0    2620    3891    4904       1    3048    5090    8280    6002       0      62    4369   13327    6423       0    5095    6208    3974    4357    2966    1980
    3299    2496   31036       0       0       0    4477       0    6487    8649   10214    9935    8192    6450    2128    8497   15162    9500    6388   10912    7479    4205    2897    1178
    1879      18       0     422    1947       4      63       0    7472   12575   15703    9971       0   11949       2   11053    7278       2    7069    6694    5693    4055    2588    3889
       3    3270    5148    4412    5855    7050   10576   13026   17273   13915   28788   32605   24357   21187   22720   14160   11621    8323    9610    8240    7348    8197    3823    3569
    3346    4055    3957    3910    8640    8116       1   10563   12392   28993   26939   50271   37590   54218   29420   23965   20075   10198       0    7374    5406    7215    4843    2239
    4612    2737    3241    5816    8523   13192   13156   17746   27737   39769       0       0       0       0   39476   23134   18289    9893    9145    8806    5196    7519    3863    4057
    5191    3924    3143    5431    9257   12086   15329   18006   31793   35674       0       0       0       0   47483   30105   19203   15534   10544    7763    9891    9923    5675    4675
    3897    5945    2466    2557    9827   10649   11424   18871   32800       0       0       0       0       0   48484   33619   20342   19148       0    8256    9092    8197    6130    3882
    3935    4634    4528    4762   11636   11400   13345   18495   22343   24535       0       0       0       0   42002   33629   12603   14145    9953   10202    5782    9164    6976    4292
    2730    3728    3515    4379    5530   14496   11707   17666   15139       0   24861   61270   54989   32779   23555   20648   24171   13127   11139   11907    9674    7976    5653    4687
    2776    2578    3393    2790    7629   10511   10300   10360   14055   14289   25388   26142   49720   11741   17497       0   12263   12789   13588    7726    6500    4546    3248    4560
    3174    4394    9050    5475    9924   10281   10494   13469   18615   22411   27386   24107   17667   22289   24078   19000   14399    9991   14492    7865    6007    4561    5442    4467
    4064    3246    4938    6310    5019    8625    7825       6   10861   14897   17047   16092   11494   12849    9750   16973   15418   13269    5528    5973    5242    4580    1435    1622
    2704    2839    3403    5182    5552    7818   11003    6235    7125    8885   13494   13419   16882   10300   13151   11638    7086    4252       0    3457       0    2883       0    2684
    3207    3335    3941    3070    3765    5887    7454    4999    8059    9278    9253   10330    5925   11247    9301    9751   11176   13253    4281    5282    3655    3976    2444    2084
    2438    2532    3616    3656    4446    6204    7127    7874    7835    8960   10549    7445    9442    9071    5849   11724    6519   11123    5975    3388    3934    2209       0    1916
    2637    2382    2510    3193    3907    3584    4320    5033    5065    6160    5779    9128    3036    8048    8581    5954    3967    4944    7174    4196    2427    1249    1423    2105
    1345    1836    2591    2764    2398    3326    2694    2792    5315    5203    5507    5146    5371    5417    3744    4609    5173    3609    3715    3856    2082    2004    1627    1395
    1408    1433    1420    1767    1905    1885       7    3087    3149    2598    2808    4033    2615    3330    2764    2881    2304    3117    3196    2182    1072     793     932     145
     847    4550    7298    6068    4867    5485    1922     377
    2863   12787   16737   21047   25141   28538   10640    6529
    5611   20446   37869   39176   29719   37153   18662    7884
    8656   28644   53169   65590   52243   41321   36997    5665
    8353   29497   43762   68654   50989   48503   22971    4980
    7159   24111   34889   51221   50794   37463    4336     521
    4583    9698   18974   22524   23568   53011    8864    2050
    2581    3130    5441    3412   11114    5099    2880       0

 sigma, sigma=sqrt(D-W**2)/W
 0.99996 0.99995 0.99996 0.99997 0.99997 0.00000 0.00000 0.99997 0.99997 0.99996 0.99995 0.99997 0.99994 0.99993 0.99994 0.99995 0.99995 0.99996 0.99995 0.99996 0.99995 0.00000 0.99995 0.99996
 0.99995 0.99995 0.00000 0.99997 0.99996 0.99996 0.99996 0.99996 0.99996 0.99995 0.99997 0.99993 0.99993 0.99996 0.99992 0.99995 0.99996 0.00000 0.99996 0.99995 0.99995 0.99995 0.99995 0.99996
 0.99996 0.99996 0.00000 0.00000 0.99996 0.00000 0.99996 0.99997 0.99996 0.99996 0.99995 0.99996 0.99995 0.99996 0.99994 0.99992 0.99995 0.00000 0.99996 0.99994 0.99994 0.99994 0.99997 0.99996
 0.99996 0.99996 0.00000 0.00000 0.99995 0.99997 0.99996 0.00000 0.99996 0.99996 0.99995 0.99995 0.00000 0.99996 0.99995 0.99991 0.99995 0.99996 0.99995 0.99995 0.99995 0.99995 0.99995 0.99995
 0.99987 0.99995 0.99997 0.99996 0.00000 0.99996 0.99996 0.00000 0.99996 0.99995 0.99995 0.99997 0.00000 0.99997 0.00000 0.99995 0.00000 0.00000 0.99996 0.99995 0.99993 0.99992 0.99992 0.99996
 0.99996 0.99996 0.99997 0.00000 0.99996 0.99996 0.99996 0.00000 0.99962 0.99996 0.99995 0.99996 0.00000 0.99997 0.99996 0.99993 0.99995 0.00000 0.99995 0.99994 0.99995 0.99994 0.99995 0.99996
 0.99995 0.99996 0.99997 0.00000 0.00000 0.00000 0.99997 0.00000 0.99996 0.99996 0.99995 0.99996 0.99993 0.99995 0.99978 0.99996 0.99993 0.99994 0.99995 0.99991 0.99993 0.99995 0.99995 0.99996
 0.99997 0.99996 0.00000 0.99997 0.99996 0.00000 0.99995 0.00000 0.99996 0.99995 0.99995 0.99995 0.00000 0.99995 0.00000 0.99995 0.99996 0.00000 0.99995 0.99995 0.99995 0.99995 0.99996 0.99994
 0.00000 0.99995 0.99995 0.99996 0.99996 0.99995 0.99994 0.99994 0.99994 0.99995 0.99992 0.99992 0.99992 0.99994 0.99993 0.99995 0.99995 0.99996 0.99994 0.99995 0.99994 0.99993 0.99995 0.99995
 0.99995 0.99995 0.99996 0.99996 0.99995 0.99995 0.00000 0.99996 0.99995 0.99993 0.99994 0.99993 0.99994 0.99991 0.99993 0.99993 0.99994 0.99995 0.00000 0.99995 0.99995 0.99994 0.99995 0.99996
 0.99995 0.99996 0.99996 0.99995 0.99995 0.99993 0.99994 0.99994 0.99993 0.99993 0.00000 0.00000 0.00000 0.00000 0.99993 0.99994 0.99995 0.99996 0.99996 0.99995 0.99995 0.99994 0.99995 0.99995
 0.99994 0.99995 0.99996 0.99996 0.99995 0.99994 0.99994 0.99994 0.99993 0.99995 0.00000 0.00000 0.00000 0.00000 0.99994 0.99994 0.99995 0.99995 0.99995 0.99995 0.99993 0.99992 0.99994 0.99994
 0.99995 0.99994 0.99996 0.99997 0.99994 0.99994 0.99995 0.99994 0.99993 0.00000 0.00000 0.00000 0.00000 0.00000 0.99993 0.99994 0.99995 0.99993 0.00000 0.99995 0.99994 0.99993 0.99994 0.99995
 0.99995 0.99994 0.99996 0.99995 0.99993 0.99994 0.99995 0.99994 0.99995 0.99996 0.00000 0.00000 0.00000 0.00000 0.99993 0.99993 0.99996 0.99995 0.99995 0.99994 0.99995 0.99993 0.99993 0.99995
 0.99996 0.99996 0.99996 0.99996 0.99996 0.99992 0.99994 0.99994 0.99995 0.00000 0.99995 0.99993 0.99993 0.99994 0.99995 0.99995 0.99993 0.99995 0.99995 0.99993 0.99993 0.99993 0.99994 0.99994
 0.99996 0.99996 0.99996 0.99996 0.99995 0.99994 0.99995 0.99995 0.99995 0.99995 0.99994 0.99994 0.99991 0.99996 0.99996 0.00000 0.99995 0.99995 0.99993 0.99995 0.99995 0.99995 0.99996 0.99994
 0.99995 0.99995 0.99993 0.99995 0.99993 0.99994 0.99995 0.99994 0.99993 0.99993 0.99992 0.99992 0.99995 0.99994 0.99994 0.99994 0.99994 0.99995 0.99993 0.99995 0.99995 0.99995 0.99993 0.99994
 0.99994 0.99995 0.99995 0.99994 0.99996 0.99994 0.99995 0.99996 0.99995 0.99994 0.99994 0.99994 0.99996 0.99995 0.99996 0.99993 0.99993 0.99993 0.99996 0.99995 0.99995 0.99995 0.99997 0.99996
 0.99995 0.99996 0.99995 0.99995 0.99995 0.99995 0.99993 0.99996 0.99996 0.99995 0.99994 0.99994 0.99993 0.99995 0.99994 0.99994 0.99995 0.99996 0.00000 0.99996 0.00000 0.99996 0.00000 0.99995
 0.99994 0.99995 0.99995 0.99995 0.99996 0.99995 0.99995 0.99996 0.99995 0.99995 0.99995 0.99995 0.99996 0.99994 0.99995 0.99994 0.99993 0.99991 0.99996 0.99995 0.99995 0.99995 0.99995 0.99996
 0.99995 0.99995 0.99995 0.99995 0.99995 0.99994 0.99994 0.99994 0.99994 0.99994 0.99994 0.99995 0.99994 0.99994 0.99996 0.99992 0.99995 0.99991 0.99994 0.99996 0.99994 0.99995 0.00000 0.99996
 0.99994 0.99995 0.99995 0.99995 0.99995 0.99996 0.99995 0.99996 0.99995 0.99996 0.99995 0.99993 0.99996 0.99994 0.99994 0.99995 0.99995 0.99994 0.99992 0.99995 0.99996 0.99996 0.99996 0.99996
 0.99996 0.99995 0.99995 0.99995 0.99996 0.99995 0.99996 0.99996 0.99994 0.99995 0.99994 0.99995 0.99995 0.99995 0.99996 0.99995 0.99995 0.99995 0.99995 0.99994 0.99995 0.99995 0.99995 0.99994
 0.99995 0.99995 0.99996 0.99996 0.99996 0.99996 0.99997 0.99995 0.99996 0.99996 0.99996 0.99995 0.99996 0.99996 0.99996 0.99996 0.99996 0.99995 0.99994 0.99995 0.99996 0.99996 0.99996 0.99990
 0.99994 0.99993 0.99981 0.99983 0.99989 0.99988 0.99991 0.99992
 0.99988 0.99993 0.99991 0.99991 0.99990 0.99990 0.99993 0.99984
 0.99992 0.99992 0.99991 0.99992 0.99993 0.99992 0.99994 0.99989
 0.99991 0.99992 0.99991 0.99991 0.99992 0.99993 0.99990 0.99991
 0.99992 0.99994 0.99993 0.99992 0.99993 0.99992 0.99991 0.99987
 0.99992 0.99993 0.99993 0.99992 0.99992 0.99992 0.99996 0.99984
 0.99990 0.99994 0.99991 0.99991 0.99993 0.99987 0.99992 0.99994
 0.99992 0.99992 0.99983 0.99988 0.99984 0.99993 0.99994 0.00000

 sigma/sqrt(N)
    0.03    0.03    0.04    0.04    0.03    0.00    0.00    0.03    0.05    0.02    0.02    0.02    0.02    0.02    0.02    0.02    0.02    0.02    0.02    0.02    0.02    0.00    0.03    0.04
    0.03    0.02    0.00    0.04    0.03    0.03    0.04    0.27    0.02    0.02    0.02    0.01    0.01    0.02    0.01    0.02    0.02    0.00    0.02    0.02    0.02    0.02    0.02    0.03
    0.03    0.03    0.00    0.00    0.03    0.00    0.02    0.41    0.02    0.02    0.02    0.02    0.02    0.16    0.01    0.01    0.02    0.00    0.02    0.02    0.02    0.02    0.05    0.03
    0.03    0.02    0.00    0.00    0.02    0.02    0.02    0.00    0.02    0.02    0.01    0.01    0.00    0.14    0.01    0.01    0.01    0.02    0.02    0.02    0.02    0.02    0.02    0.02
    0.03    0.02    0.01    0.13    0.00    0.02    0.02    0.00    0.02    0.01    0.01    0.04    0.00    0.02    0.00    0.01    0.00    0.00    0.02    0.02    0.01    0.01    0.05    0.02
    0.02    0.02    0.01    0.00    0.02    0.02    0.01    0.00    0.02    0.01    0.01    0.01    0.00    0.13    0.02    0.01    0.01    0.00    0.01    0.01    0.02    0.02    0.02    0.02
    0.02    0.02    0.01    0.00    0.00    0.00    0.01    0.00    0.01    0.01    0.01    0.01    0.01    0.01    0.02    0.01    0.01    0.01    0.01    0.01    0.01    0.02    0.02    0.03
    0.02    0.24    0.00    0.05    0.02    0.00    0.13    0.00    0.01    0.01    0.01    0.01    0.00    0.01    0.00    0.01    0.01    0.00    0.01    0.01    0.01    0.02    0.02    0.02
    0.00    0.02    0.01    0.02    0.01    0.01    0.01    0.01    0.01    0.01    0.01    0.01    0.01    0.01    0.01    0.01    0.01    0.01    0.01    0.01    0.01    0.01    0.02    0.02
    0.02    0.02    0.02    0.02    0.01    0.01    0.00    0.01    0.01    0.01    0.01    0.00    0.01    0.00    0.01    0.01    0.01    0.01    0.00    0.01    0.01    0.01    0.01    0.02
    0.01    0.02    0.02    0.01    0.01    0.01    0.01    0.01    0.01    0.01    0.00    0.00    0.00    0.00    0.01    0.01    0.01    0.01    0.01    0.01    0.01    0.01    0.02    0.02
    0.01    0.02    0.02    0.01    0.01    0.01    0.01    0.01    0.01    0.01    0.00    0.00    0.00    0.00    0.00    0.01    0.01    0.01    0.01    0.01    0.01    0.01    0.01    0.01
    0.02    0.01    0.02    0.02    0.01    0.01    0.01    0.01    0.01    0.00    0.00    0.00    0.00    0.00    0.00    0.01    0.01    0.01    0.00    0.01    0.01    0.01    0.01    0.02
    0.02    0.01    0.01    0.01    0.01    0.01    0.01    0.01    0.01    0.01    0.00    0.00    0.00    0.00    0.00    0.01    0.01    0.01    0.01    0.01    0.01    0.01    0.01    0.02
    0.02    0.02    0.02    0.02    0.01    0.01    0.01    0.01    0.01    0.00    0.01    0.00    0.00    0.01    0.01    0.01    0.01    0.01    0.01    0.01    0.01    0.01    0.01    0.01
    0.02    0.02    0.02    0.02    0.01    0.01    0.01    0.01    0.01    0.01    0.01    0.01    0.00    0.01    0.01    0.00    0.01    0.01    0.01    0.01    0.01    0.01    0.02    0.01
    0.02    0.02    0.01    0.01    0.01    0.01    0.01    0.01    0.01    0.01    0.01    0.01    0.01    0.01    0.01    0.01    0.01    0.01    0.01    0.01    0.01    0.01    0.01    0.01
    0.02    0.02    0.01    0.01    0.01    0.01    0.01    0.41    0.01    0.01    0.01    0.01    0.01    0.01    0.01    0.01    0.01    0.01    0.01    0.01    0.01    0.01    0.03    0.02
    0.02    0.02    0.02    0.01    0.01    0.01    0.01    0.01    0.01    0.01    0.01    0.01    0.01    0.01    0.01    0.01    0.01    0.02    0.00    0.02    0.00    0.02    0.00    0.02
    0.02    0.02    0.02    0.02    0.02    0.01    0.01    0.01    0.01    0.01    0.01    0.01    0.01    0.01    0.01    0.01    0.01    0.01    0.02    0.01    0.02    0.02    0.02    0.02
    0.02    0.02    0.02    0.02    0.01    0.01    0.01    0.01    0.01    0.01    0.01    0.01    0.01    0.01    0.01    0.01    0.01    0.01    0.01    0.02    0.02    0.02    0.00    0.02
    0.02    0.02    0.02    0.02    0.02    0.02    0.02    0.01    0.01    0.01    0.01    0.01    0.02    0.01    0.01    0.01    0.02    0.01    0.01    0.02    0.02    0.03    0.03    0.02
    0.03    0.02    0.02    0.02    0.02    0.02    0.02    0.02    0.01    0.01    0.01    0.01    0.01    0.01    0.02    0.01    0.01    0.02    0.02    0.02    0.02    0.02    0.02    0.03
    0.03    0.03    0.03    0.02    0.02    0.02    0.38    0.02    0.02    0.02    0.02    0.02    0.02    0.02    0.02    0.02    0.02    0.02    0.02    0.02    0.03    0.04    0.03    0.08
    0.03    0.01    0.01    0.01    0.01    0.01    0.02    0.05
    0.02    0.01    0.01    0.01    0.01    0.01    0.01    0.01
    0.01    0.01    0.01    0.01    0.01    0.01    0.01    0.01
    0.01    0.01    0.00    0.00    0.00    0.00    0.01    0.01
    0.01    0.01    0.00    0.00    0.00    0.00    0.01    0.01
    0.01    0.01    0.01    0.00    0.00    0.01    0.02    0.04
    0.01    0.01    0.01    0.01    0.01    0.00    0.01    0.02
    0.02    0.02    0.01    0.02    0.01    0.01    0.02    0.00

